0,1	1,37
0,3	3,8
0,5	5,84
1	9,24
2	8,66
3	-1,72
40	-7282,31
80	-30260,63
120	-68934,94
160	-123305,25
200	-193371,57
240	-279133,88
280	-380592,19
320	-497746,51
360	-630596,82
400	-779143,14
440	-943385,45
480	-1123323,76
520	-1318958,08
560	-1530288,39
600	-1757314,7
640	-2000037,02
680	-2258455,33
720	-2532569,64
760	-2822379,96
800	-3127886,27
840	-3449088,58
880	-3785986,9
920	-4138581,21
960	-4506871,52
1000	-4890857,84
1040	-5290540,15
1080	-5705918,47
1120	-6136992,78
1160	-6583763,09
1200	-7046229,41
1240	-7524391,72
1280	-8018250,03
1320	-8527804,35
1360	-9053054,66
1400	-9594000,97
1440	-10150643,29
1480	-10722981,6
1520	-11311015,91
1560	-11914746,23
1600	-12534172,54
1640	-13169294,85
1680	-13820113,17
1720	-14486627,48
1760	-15168837,8
1800	-15866744,11
1840	-16580346,42
1880	-17309644,74
1920	-18054639,05
1960	-18815329,36
2000	-19591715,68
2040	-20383797,99
2080	-21191576,3
2120	-22015050,62
2160	-22854220,93
2200	-23709087,24
2240	-24579649,56
2280	-25465907,87
2320	-26367862,19
2360	-27285512,5
2400	-28218858,81
2440	-29167901,13
2480	-30132639,44
2520	-31113073,75
2560	-32109204,07
2600	-33121030,38
2640	-34148552,69
2680	-35191771,01
2720	-36250685,32
2760	-37325295,63
2800	-38415601,95
2840	-39521604,26
2880	-40643302,57
2920	-41780696,89
2960	-42933787,2
3000	-44102573,52
3040	-45287055,83
3080	-46487234,14
3120	-47703108,46
3160	-48934678,77
3200	-50181945,08
3240	-51444907,4
3280	-52723565,71
3320	-54017920,02
3360	-55327970,34
3400	-56653716,65
3440	-57995158,96
3480	-59352297,28
3520	-60725131,59
3560	-62113661,9
3600	-63517888,22
3640	-64937810,53
3680	-66373428,85
3720	-67824743,16
3760	-69291753,47
3800	-70774459,79
3840	-72272862,1
3880	-73786960,41
3920	-75316754,73
3960	-76862245,04
4000	-78423431,35
4040	-80000313,67
4080	-81592891,98
4120	-83201166,29
4160	-84825136,61
4200	-86464802,92
4240	-88120165,23
4280	-89791223,55
4320	-91477977,86
4360	-93180428,18
4400	-94898574,49
4440	-96632416,8
4480	-98381955,12
4520	-100147189,43
4560	-101928119,74
4600	-103724746,06
4640	-105537068,37
4680	-107365086,68
4720	-109208801
4760	-111068211,31
4800	-112943317,62
4840	-114834119,94
4880	-116740618,25
4920	-118662812,56
4960	-120600702,88
5000	-122554289,19
5040	-124523571,51
5080	-126508549,82
5120	-128509224,13
5160	-130525594,45
5200	-132557660,76
5240	-134605423,07
5280	-136668881,39
5320	-138748035,7
5360	-140842886,01
5400	-142953432,33
5440	-145079674,64
5480	-147221612,95
5520	-149379247,27
5560	-151552577,58
5600	-153741603,9
5640	-155946326,21
5680	-158166744,52
5720	-160402858,84
5760	-162654669,15
5800	-164922175,46
5840	-167205377,78
5880	-169504276,09
5920	-171818870,4
5960	-174149160,72
6000	-176495147,03
6040	-178856829,34
6080	-181234207,66
6120	-183627281,97
6160	-186036052,28
6200	-188460518,6
6240	-190900680,91
6280	-193356539,23
6320	-195828093,54
6360	-198315343,85
6400	-200818290,17
6440	-203336932,48
6480	-205871270,79
6520	-208421305,11
6560	-210987035,42
6600	-213568461,73
6640	-216165584,05
6680	-218778402,36
6720	-221406916,67
6760	-224051126,99
6800	-226711033,3
6840	-229386635,61
6880	-232077933,93
6920	-234784928,24
6960	-237507618,56
7000	-240246004,87
7040	-243000087,18
7080	-245769865,5
7120	-248555339,81
7160	-251356510,12
7200	-254173376,44
7240	-257005938,75
7280	-259854197,06
7320	-262718151,38
7360	-265597801,69
7400	-268493148
7440	-271404190,32
7480	-274330928,63
7520	-277273362,94
7560	-280231493,26
7600	-283205319,57
7640	-286194841,89
7680	-289200060,2
7720	-292220974,51
7760	-295257584,83
7800	-298309891,14
7840	-301377893,45
7880	-304461591,77
7920	-307560986,08
7960	-310676076,39
8000	-313806862,71
8040	-316953345,02
8080	-320115523,33
8120	-323293397,65
8160	-326486967,96
8200	-329696234,27
8240	-332921196,59
8280	-336161854,9
8320	-339418209,22
8360	-342690259,53
8400	-345978005,84
8440	-349281448,16
8480	-352600586,47
8520	-355935420,78
8560	-359285951,1
8600	-362652177,41
8640	-366034099,72
8680	-369431718,04
8720	-372845032,35
8760	-376274042,66
8800	-379718748,98
8840	-383179151,29
8880	-386655249,61
8920	-390147043,92
8960	-393654534,23
9000	-397177720,55
9040	-400716602,86
9080	-404271181,17
9120	-407841455,49
9160	-411427425,8
9200	-415029092,11
9240	-418646454,43
9280	-422279512,74
9320	-425928267,05
9360	-429592717,37
9400	-433272863,68
9440	-436968705,99
9480	-440680244,31
9520	-444407478,62
9560	-448150408,94
9600	-451909035,25
9640	-455683357,56
9680	-459473375,88
9720	-463279090,19
9760	-467100500,5
9800	-470937606,82
9840	-474790409,13
9880	-478658907,44
9920	-482543101,76
9960	-486442992,07
10000	-490358578,38
10040	-494289860,7
10080	-498236839,01
10120	-502199513,32
10160	-506177883,64
10200	-510171949,95
10240	-514181712,27
10280	-518207170,58
10320	-522248324,89
10360	-526305175,21
10400	-530377721,52
10440	-534465963,83
10480	-538569902,15
10520	-542689536,46
10560	-546824866,77
10600	-550975893,09
10640	-555142615,4
10680	-559325033,71
10720	-563523148,03
10760	-567736958,34
10800	-571966464,65
10840	-576211666,97
10880	-580472565,28
10920	-584749159,6
10960	-589041449,91
11000	-593349436,22
11040	-597673118,54
11080	-602012496,85
11120	-606367571,16
11160	-610738341,48
11200	-615124807,79
11240	-619526970,1
11280	-623944828,42
11320	-628378382,73
11360	-632827633,04
11400	-637292579,36
11440	-641773221,67
11480	-646269559,98
11520	-650781594,3
11560	-655309324,61
11600	-659852750,93
11640	-664411873,24
11680	-668986691,55
11720	-673577205,87
11760	-678183416,18
11800	-682805322,49
11840	-687442924,81
11880	-692096223,12
11920	-696765217,43
11960	-701449907,75
12000	-706150294,06
12040	-710866376,37
12080	-715598154,69
12120	-720345629
12160	-725108799,31
12200	-729887665,63
12240	-734682227,94
12280	-739492486,26
12320	-744318440,57
12360	-749160090,88
12400	-754017437,2
12440	-758890479,51
12480	-763779217,82
12520	-768683652,14
12560	-773603782,45
12600	-778539608,76
12640	-783491131,08
12680	-788458349,39
12720	-793441263,7
12760	-798439874,02
12800	-803454180,33
12840	-808484182,65
12880	-813529880,96
12920	-818591275,27
12960	-823668365,59
13000	-828761151,9
13040	-833869634,21
13080	-838993812,53
13120	-844133686,84
13160	-849289257,15
13200	-854460523,47
13240	-859647485,78
13280	-864850144,09
13320	-870068498,41
13360	-875302548,72
13400	-880552295,03
13440	-885817737,35
13480	-891098875,66
13520	-896395709,98
13560	-901708240,29
13600	-907036466,6
13640	-912380388,92
13680	-917740007,23
13720	-923115321,54
13760	-928506331,86
13800	-933913038,17
13840	-939335440,48
13880	-944773538,8
13920	-950227333,11
13960	-955696823,42
14000	-961182009,74
14040	-966682892,05
14080	-972199470,36
14120	-977731744,68
14160	-983279714,99
14200	-988843381,31
14240	-994422743,62
14280	-1000017801,93
14320	-1005628556,25
14360	-1011255006,56
14400	-1016897152,87
14440	-1022554995,19
14480	-1028228533,5
14520	-1033917767,81
14560	-1039622698,13
14600	-1045343324,44
14640	-1051079646,75
14680	-1056831665,07
14720	-1062599379,38
14760	-1068382789,69
14800	-1074181896,01
14840	-1079996698,32
14880	-1085827196,64
14920	-1091673390,95
14960	-1097535281,26
15000	-1103412867,58
15040	-1109306149,89
15080	-1115215128,2
15120	-1121139802,52
15160	-1127080172,83
15200	-1133036239,14
15240	-1139008001,46
15280	-1144995459,77
15320	-1150998614,08
15360	-1157017464,4
15400	-1163052010,71
15440	-1169102253,02
15480	-1175168191,34
15520	-1181249825,65
15560	-1187347155,97
15600	-1193460182,28
15640	-1199588904,59
15680	-1205733322,91
15720	-1211893437,22
15760	-1218069247,53
15800	-1224260753,85
15840	-1230467956,16
15880	-1236690854,47
15920	-1242929448,79
15960	-1249183739,1
16000	-1255453725,41
16040	-1261739407,73
16080	-1268040786,04
16120	-1274357860,36
16160	-1280690630,67
16200	-1287039096,98
16240	-1293403259,3
16280	-1299783117,61
16320	-1306178671,92
16360	-1312589922,24
16400	-1319016868,55
16440	-1325459510,86
16480	-1331917849,18
16520	-1338391883,49
16560	-1344881613,8
16600	-1351387040,12
16640	-1357908162,43
16680	-1364444980,74
16720	-1370997495,06
16760	-1377565705,37
16800	-1384149611,69
16840	-1390749214
16880	-1397364512,31
16920	-1403995506,63
16960	-1410642196,94
17000	-1417304583,25
17040	-1423982665,57
17080	-1430676443,88
17120	-1437385918,19
17160	-1444111088,51
17200	-1450851954,82
17240	-1457608517,13
17280	-1464380775,45
17320	-1471168729,76
17360	-1477972380,07
17400	-1484791726,39
17440	-1491626768,7
17480	-1498477507,02
17520	-1505343941,33
17560	-1512226071,64
17600	-1519123897,96
17640	-1526037420,27
17680	-1532966638,58
17720	-1539911552,9
17760	-1546872163,21
17800	-1553848469,52
17840	-1560840471,84
17880	-1567848170,15
17920	-1574871564,46
17960	-1581910654,78
18000	-1588965441,09
18040	-1596035923,4
18080	-1603122101,72
18120	-1610223976,03
18160	-1617341546,35
18200	-1624474812,66
18240	-1631623774,97
18280	-1638788433,29
18320	-1645968787,6
18360	-1653164837,91
18400	-1660376584,23
18440	-1667604026,54
18480	-1674847164,85
18520	-1682105999,17
18560	-1689380529,48
18600	-1696670755,79
18640	-1703976678,11
18680	-1711298296,42
18720	-1718635610,73
18760	-1725988621,05
18800	-1733357327,36
18840	-1740741729,68
18880	-1748141827,99
18920	-1755557622,3
18960	-1762989112,62
19000	-1770436298,93
19040	-1777899181,24
19080	-1785377759,56
19120	-1792872033,87
19160	-1800382004,18
19200	-1807907670,5
19240	-1815449032,81
19280	-1823006091,12
19320	-1830578845,44
19360	-1838167295,75
19400	-1845771442,07
19440	-1853391284,38
19480	-1861026822,69
19520	-1868678057,01
19560	-1876344987,32
19600	-1884027613,63
19640	-1891725935,95
19680	-1899439954,26
19720	-1907169668,57
19760	-1914915078,89
19800	-1922676185,2
19840	-1930452987,51
19880	-1938245485,83
19920	-1946053680,14
19960	-1953877570,45
20000	-1961717156,77
20040	-1969572439,08
20080	-1977443417,4
20120	-1985330091,71
20160	-1993232462,02
20200	-2001150528,34
20240	-2009084290,65
20280	-2017033748,96
20320	-2024998903,28
20360	-2032979753,59
20400	-2040976299,9
20440	-2048988542,22
20480	-2057016480,53
20520	-2065060114,84
20560	-2073119445,16
20600	-2081194471,47
20640	-2089285193,78
20680	-2097391612,1
20720	-2105513726,41
20760	-2113651536,73
20800	-2121805043,04
20840	-2129974245,35
20880	-2138159143,67
20920	-2146359737,98
20960	-2154576028,29
21000	-2162808014,61
21040	-2171055696,92
21080	-2179319075,23
21120	-2187598149,55
21160	-2195892919,86
21200	-2204203386,17
21240	-2212529548,49
21280	-2220871406,8
21320	-2229228961,11
21360	-2237602211,43
21400	-2245991157,74
21440	-2254395800,06
21480	-2262816138,37
21520	-2271252172,68
21560	-2279703903
21600	-2288171329,31
21640	-2296654451,62
21680	-2305153269,94
21720	-2313667784,25
21760	-2322197994,56
21800	-2330743900,88
21840	-2339305503,19
21880	-2347882801,5
21920	-2356475795,82
21960	-2365084486,13
22000	-2373708872,44
22040	-2382348954,76
22080	-2391004733,07
22120	-2399676207,39
22160	-2408363377,7
22200	-2417066244,01
22240	-2425784806,33
22280	-2434519064,64
22320	-2443269018,95
22360	-2452034669,27
22400	-2460816015,58
22440	-2469613057,89
22480	-2478425796,21
22520	-2487254230,52
22560	-2496098360,83
22600	-2504958187,15
22640	-2513833709,46
22680	-2522724927,77
22720	-2531631842,09
22760	-2540554452,4
22800	-2549492758,72
22840	-2558446761,03
22880	-2567416459,34
22920	-2576401853,66
22960	-2585402943,97
23000	-2594419730,28
23040	-2603452212,6
23080	-2612500390,91
23120	-2621564265,22
23160	-2630643835,54
23200	-2639739101,85
23240	-2648850064,16
23280	-2657976722,48
23320	-2667119076,79
23360	-2676277127,11
23400	-2685450873,42
23440	-2694640315,73
23480	-2703845454,05
23520	-2713066288,36
23560	-2722302818,67
23600	-2731555044,99
23640	-2740822967,3
23680	-2750106585,61
23720	-2759405899,93
23760	-2768720910,24
23800	-2778051616,55
23840	-2787398018,87
23880	-2796760117,18
23920	-2806137911,49
23960	-2815531401,81
24000	-2824940588,12
24040	-2834365470,44
24080	-2843806048,75
24120	-2853262323,06
24160	-2862734293,38
24200	-2872221959,69
24240	-2881725322
24280	-2891244380,32
24320	-2900779134,63
24360	-2910329584,94
24400	-2919895731,26
24440	-2929477573,57
24480	-2939075111,88
24520	-2948688346,2
24560	-2958317276,51
24600	-2967961902,82
24640	-2977622225,14
24680	-2987298243,45
24720	-2996989957,77
24760	-3006697368,08
24800	-3016420474,39
24840	-3026159276,71
24880	-3035913775,02
24920	-3045683969,33
24960	-3055469859,65
25000	-3065271445,96
25040	-3075088728,27
25080	-3084921706,59
25120	-3094770380,9
25160	-3104634751,21
25200	-3114514817,53
25240	-3124410579,84
25280	-3134322038,15
25320	-3144249192,47
25360	-3154192042,78
25400	-3164150589,1
25440	-3174124831,41
25480	-3184114769,72
25520	-3194120404,04
25560	-3204141734,35
25600	-3214178760,66
25640	-3224231482,98
25680	-3234299901,29
25720	-3244384015,6
25760	-3254483825,92
25800	-3264599332,23
25840	-3274730534,54
25880	-3284877432,86
25920	-3295040027,17
25960	-3305218317,48
26000	-3315412303,8
26040	-3325621986,11
26080	-3335847364,43
26120	-3346088438,74
26160	-3356345209,05
26200	-3366617675,37
26240	-3376905837,68
26280	-3387209695,99
26320	-3397529250,31
26360	-3407864500,62
26400	-3418215446,93
26440	-3428582089,25
26480	-3438964427,56
26520	-3449362461,87
26560	-3459776192,19
26600	-3470205618,5
26640	-3480650740,82
26680	-3491111559,13
26720	-3501588073,44
26760	-3512080283,76
26800	-3522588190,07
26840	-3533111792,38
26880	-3543651090,7
26920	-3554206085,01
26960	-3564776775,32
27000	-3575363161,64
27040	-3585965243,95
27080	-3596583022,26
27120	-3607216496,58
27160	-3617865666,89
27200	-3628530533,2
27240	-3639211095,52
27280	-3649907353,83
27320	-3660619308,15
27360	-3671346958,46
27400	-3682090304,77
27440	-3692849347,09
27480	-3703624085,4
27520	-3714414519,71
27560	-3725220650,03
27600	-3736042476,34
27640	-3746879998,65
27680	-3757733216,97
27720	-3768602131,28
27760	-3779486741,59
27800	-3790387047,91
27840	-3801303050,22
27880	-3812234748,53
27920	-3823182142,85
27960	-3834145233,16
28000	-3845124019,48
28040	-3856118501,79
28080	-3867128680,1
28120	-3878154554,42
28160	-3889196124,73
28200	-3900253391,04
28240	-3911326353,36
28280	-3922415011,67
28320	-3933519365,98
28360	-3944639416,3
28400	-3955775162,61
28440	-3966926604,92
28480	-3978093743,24
28520	-3989276577,55
28560	-4000475107,86
28600	-4011689334,18
28640	-4022919256,49
28680	-4034164874,81
28720	-4045426189,12
28760	-4056703199,43
28800	-4067995905,75
28840	-4079304308,06
28880	-4090628406,37
28920	-4101968200,69
28960	-4113323691
29000	-4124694877,31
29040	-4136081759,63
29080	-4147484337,94
29120	-4158902612,25
29160	-4170336582,57
29200	-4181786248,88
29240	-4193251611,19
29280	-4204732669,51
29320	-4216229423,82
29360	-4227741874,14
29400	-4239270020,45
29440	-4250813862,76
29480	-4262373401,08
29520	-4273948635,39
29560	-4285539565,7
29600	-4297146192,02
29640	-4308768514,33
29680	-4320406532,64
29720	-4332060246,96
29760	-4343729657,27
29800	-4355414763,58
29840	-4367115565,9
29880	-4378832064,21
29920	-4390564258,53
29960	-4402312148,84
30000	-4414075735,15
30040	-4425855017,47
30080	-4437649995,78
30120	-4449460670,09
30160	-4461287040,41
30200	-4473129106,72
30240	-4484986869,03
30280	-4496860327,35
30320	-4508749481,66
30360	-4520654331,97
30400	-4532574878,29
30440	-4544511120,6
30480	-4556463058,91
30520	-4568430693,23
30560	-4580414023,54
30600	-4592413049,86
30640	-4604427772,17
30680	-4616458190,48
30720	-4628504304,8
30760	-4640566115,11
30800	-4652643621,42
30840	-4664736823,74
30880	-4676845722,05
30920	-4688970316,36
30960	-4701110606,68
31000	-4713266592,99
31040	-4725438275,3
31080	-4737625653,62
31120	-4749828727,93
31160	-4762047498,24
31200	-4774281964,56
31240	-4786532126,87
31280	-4798797985,19
31320	-4811079539,5
31360	-4823376789,81
31400	-4835689736,13
31440	-4848018378,44
31480	-4860362716,75
31520	-4872722751,07
31560	-4885098481,38
31600	-4897489907,69
31640	-4909897030,01
31680	-4922319848,32
31720	-4934758362,63
31760	-4947212572,95
31800	-4959682479,26
31840	-4972168081,57
31880	-4984669379,89
31920	-4997186374,2
31960	-5009719064,52
32000	-5022267450,83
32040	-5034831533,14
32080	-5047411311,46
32120	-5060006785,77
32160	-5072617956,08
32200	-5085244822,4
32240	-5097887384,71
32280	-5110545643,02
32320	-5123219597,34
32360	-5135909247,65
32400	-5148614593,96
32440	-5161335636,28
32480	-5174072374,59
32520	-5186824808,9
32560	-5199592939,22
32600	-5212376765,53
32640	-5225176287,85
32680	-5237991506,16
32720	-5250822420,47
32760	-5263669030,79
32800	-5276531337,1
32840	-5289409339,41
32880	-5302303037,73
32920	-5315212432,04
32960	-5328137522,35
33000	-5341078308,67
33040	-5354034790,98
33080	-5367006969,29
33120	-5379994843,61
33160	-5392998413,92
33200	-5406017680,23
33240	-5419052642,55
33280	-5432103300,86
33320	-5445169655,18
33360	-5458251705,49
33400	-5471349451,8
33440	-5484462894,12
33480	-5497592032,43
33520	-5510736866,74
33560	-5523897397,06
33600	-5537073623,37
33640	-5550265545,68
33680	-5563473164
33720	-5576696478,31
33760	-5589935488,62
33800	-5603190194,94
33840	-5616460597,25
33880	-5629746695,57
33920	-5643048489,88
33960	-5656365980,19
34000	-5669699166,51
34040	-5683048048,82
34080	-5696412627,13
34120	-5709792901,45
34160	-5723188871,76
34200	-5736600538,07
34240	-5750027900,39
34280	-5763470958,7
34320	-5776929713,01
34360	-5790404163,33
34400	-5803894309,64
34440	-5817400151,95
34480	-5830921690,27
34520	-5844458924,58
34560	-5858011854,9
34600	-5871580481,21
34640	-5885164803,52
34680	-5898764821,84
34720	-5912380536,15
34760	-5926011946,46
34800	-5939659052,78
34840	-5953321855,09
34880	-5967000353,4
34920	-5980694547,72
34960	-5994404438,03
35000	-6008130024,34
35040	-6021871306,66
35080	-6035628284,97
35120	-6049400959,28
35160	-6063189329,6
35200	-6076993395,91
35240	-6090813158,23
35280	-6104648616,54
35320	-6118499770,85
35360	-6132366621,17
35400	-6146249167,48
35440	-6160147409,79
35480	-6174061348,11
35520	-6187990982,42
35560	-6201936312,73
35600	-6215897339,05
35640	-6229874061,36
35680	-6243866479,67
35720	-6257874593,99
35760	-6271898404,3
35800	-6285937910,61
35840	-6299993112,93
35880	-6314064011,24
35920	-6328150605,56
35960	-6342252895,87
36000	-6356370882,18
36040	-6370504564,5
36080	-6384653942,81
36120	-6398819017,12
36160	-6412999787,44
36200	-6427196253,75
36240	-6441408416,06
36280	-6455636274,38
36320	-6469879828,69
36360	-6484139079
36400	-6498414025,32
36440	-6512704667,63
36480	-6527011005,94
36520	-6541333040,26
36560	-6555670770,57
36600	-6570024196,89
36640	-6584393319,2
36680	-6598778137,51
36720	-6613178651,83
36760	-6627594862,14
36800	-6642026768,45
36840	-6656474370,77
36880	-6670937669,08
36920	-6685416663,39
36960	-6699911353,71
37000	-6714421740,02
37040	-6728947822,33
37080	-6743489600,65
37120	-6758047074,96
37160	-6772620245,28
37200	-6787209111,59
37240	-6801813673,9
37280	-6816433932,22
37320	-6831069886,53
37360	-6845721536,84
37400	-6860388883,16
37440	-6875071925,47
37480	-6889770663,78
37520	-6904485098,1
37560	-6919215228,41
37600	-6933961054,72
37640	-6948722577,04
37680	-6963499795,35
37720	-6978292709,66
37760	-6993101319,98
37800	-7007925626,29
37840	-7022765628,61
37880	-7037621326,92
37920	-7052492721,23
37960	-7067379811,55
38000	-7082282597,86
38040	-7097201080,17
38080	-7112135258,49
38120	-7127085132,8
38160	-7142050703,11
38200	-7157031969,43
38240	-7172028931,74
38280	-7187041590,05
38320	-7202069944,37
38360	-7217113994,68
38400	-7232173740,99
38440	-7247249183,31
38480	-7262340321,62
38520	-7277447155,94
38560	-7292569686,25
38600	-7307707912,56
38640	-7322861834,88
38680	-7338031453,19
38720	-7353216767,5
38760	-7368417777,82
38800	-7383634484,13
38840	-7398866886,44
38880	-7414114984,76
38920	-7429378779,07
38960	-7444658269,38
39000	-7459953455,7
39040	-7475264338,01
39080	-7490590916,32
39120	-7505933190,64
39160	-7521291160,95
39200	-7536664827,27
39240	-7552054189,58
39280	-7567459247,89
39320	-7582880002,21
39360	-7598316452,52
39400	-7613768598,83
39440	-7629236441,15
39480	-7644719979,46
39520	-7660219213,77
39560	-7675734144,09
39600	-7691264770,4
39640	-7706811092,71
39680	-7722373111,03
39720	-7737950825,34
39760	-7753544235,65
39800	-7769153341,97
39840	-7784778144,28
39880	-7800418642,6
39920	-7816074836,91
39960	-7831746727,22
40000	-7847434313,54
40040	-7863137595,85
40080	-7878856574,16
40120	-7894591248,48
40160	-7910341618,79
40200	-7926107685,1
40240	-7941889447,42
40280	-7957686905,73
40320	-7973500060,04
40360	-7989328910,36
40400	-8005173456,67
40440	-8021033698,99
40480	-8036909637,3
40520	-8052801271,61
40560	-8068708601,93
40600	-8084631628,24
40640	-8100570350,55
40680	-8116524768,87
40720	-8132494883,18
40760	-8148480693,49
40800	-8164482199,81
40840	-8180499402,12
40880	-8196532300,43
40920	-8212580894,75
40960	-8228645185,06
41000	-8244725171,37
41040	-8260820853,69
41080	-8276932232
41120	-8293059306,32
41160	-8309202076,63
41200	-8325360542,94
41240	-8341534705,26
41280	-8357724563,57
41320	-8373930117,88
41360	-8390151368,2
41400	-8406388314,51
41440	-8422640956,82
41480	-8438909295,14
41520	-8455193329,45
41560	-8471493059,76
41600	-8487808486,08
41640	-8504139608,39
41680	-8520486426,7
41720	-8536848941,02
41760	-8553227151,33
41800	-8569621057,65
41840	-8586030659,96
41880	-8602455958,27
41920	-8618896952,59
41960	-8635353642,9
42000	-8651826029,21
42040	-8668314111,53
42080	-8684817889,84
42120	-8701337364,15
42160	-8717872534,47
42200	-8734423400,78
42240	-8750989963,09
42280	-8767572221,41
42320	-8784170175,72
42360	-8800783826,03
42400	-8817413172,35
42440	-8834058214,66
42480	-8850718952,98
42520	-8867395387,29
42560	-8884087517,6
42600	-8900795343,92
42640	-8917518866,23
42680	-8934258084,54
42720	-8951012998,86
42760	-8967783609,17
42800	-8984569915,48
42840	-9001371917,8
42880	-9018189616,11
42920	-9035023010,42
42960	-9051872100,74
43000	-9068736887,05
43040	-9085617369,36
43080	-9102513547,68
43120	-9119425421,99
43160	-9136352992,31
43200	-9153296258,62
43240	-9170255220,93
43280	-9187229879,25
43320	-9204220233,56
43360	-9221226283,87
43400	-9238248030,19
43440	-9255285472,5
43480	-9272338610,81
43520	-9289407445,13
43560	-9306491975,44
43600	-9323592201,75
43640	-9340708124,07
43680	-9357839742,38
43720	-9374987056,69
43760	-9392150067,01
43800	-9409328773,32
43840	-9426523175,64
43880	-9443733273,95
43920	-9460959068,26
43960	-9478200558,58
44000	-9495457744,89
44040	-9512730627,2
44080	-9530019205,52
44120	-9547323479,83
44160	-9564643450,14
44200	-9581979116,46
44240	-9599330478,77
44280	-9616697537,08
44320	-9634080291,4
44360	-9651478741,71
44400	-9668892888,03
44440	-9686322730,34
44480	-9703768268,65
44520	-9721229502,97
44560	-9738706433,28
44600	-9756199059,59
44640	-9773707381,91
44680	-9791231400,22
44720	-9808771114,53
44760	-9826326524,85
44800	-9843897631,16
44840	-9861484433,47
44880	-9879086931,79
44920	-9896705126,1
44960	-9914339016,41
45000	-9931988602,73
45040	-9949653885,04
45080	-9967334863,36
45120	-9985031537,67
45160	-10002743907,98
45200	-10020471974,3
45240	-10038215736,61
45280	-10055975194,92
45320	-10073750349,24
45360	-10091541199,55
45400	-10109347745,86
45440	-10127169988,18
45480	-10145007926,49
45520	-10162861560,8
45560	-10180730891,12
45600	-10198615917,43
45640	-10216516639,74
45680	-10234433058,06
45720	-10252365172,37
45760	-10270312982,69
45800	-10288276489
45840	-10306255691,31
45880	-10324250589,63
45920	-10342261183,94
45960	-10360287474,25
46000	-10378329460,57
46040	-10396387142,88
46080	-10414460521,19
46120	-10432549595,51
46160	-10450654365,82
46200	-10468774832,13
46240	-10486910994,45
46280	-10505062852,76
46320	-10523230407,07
46360	-10541413657,39
46400	-10559612603,7
46440	-10577827246,02
46480	-10596057584,33
46520	-10614303618,64
46560	-10632565348,96
46600	-10650842775,27
46640	-10669135897,58
46680	-10687444715,9
46720	-10705769230,21
46760	-10724109440,52
46800	-10742465346,84
46840	-10760836949,15
46880	-10779224247,46
46920	-10797627241,78
46960	-10816045932,09
47000	-10834480318,41
47040	-10852930400,72
47080	-10871396179,03
47120	-10889877653,35
47160	-10908374823,66
47200	-10926887689,97
47240	-10945416252,29
47280	-10963960510,6
47320	-10982520464,91
47360	-11001096115,23
47400	-11019687461,54
47440	-11038294503,85
47480	-11056917242,17
47520	-11075555676,48
47560	-11094209806,79
47600	-11112879633,11
47640	-11131565155,42
47680	-11150266373,74
47720	-11168983288,05
47760	-11187715898,36
47800	-11206464204,68
47840	-11225228206,99
47880	-11244007905,3
47920	-11262803299,62
47960	-11281614389,93
48000	-11300441176,24
48040	-11319283658,56
48080	-11338141836,87
48120	-11357015711,18
48160	-11375905281,5
48200	-11394810547,81
48240	-11413731510,12
48280	-11432668168,44
48320	-11451620522,75
48360	-11470588573,07
48400	-11489572319,38
48440	-11508571761,69
48480	-11527586900,01
48520	-11546617734,32
48560	-11565664264,63
48600	-11584726490,95
48640	-11603804413,26
48680	-11622898031,57
48720	-11642007345,89
48760	-11661132356,2
48800	-11680273062,51
48840	-11699429464,83
48880	-11718601563,14
48920	-11737789357,45
48960	-11756992847,77
49000	-11776212034,08
49040	-11795446916,4
49080	-11814697494,71
49120	-11833963769,02
49160	-11853245739,34
49200	-11872543405,65
49240	-11891856767,96
49280	-11911185826,28
49320	-11930530580,59
49360	-11949891030,9
49400	-11969267177,22
49440	-11988659019,53
49480	-12008066557,84
49520	-12027489792,16
49560	-12046928722,47
49600	-12066383348,78
49640	-12085853671,1
49680	-12105339689,41
49720	-12124841403,73
49760	-12144358814,04
49800	-12163891920,35
49840	-12183440722,67
49880	-12203005220,98
49920	-12222585415,29
49960	-12242181305,61
50000	-12261792891,92
50040	-12281420174,23
50080	-12301063152,55
50120	-12320721826,86
50160	-12340396197,17
50200	-12360086263,49
50240	-12379792025,8
50280	-12399513484,11
50320	-12419250638,43
50360	-12439003488,74
50400	-12458772035,06
50440	-12478556277,37
50480	-12498356215,68
50520	-12518171850
50560	-12538003180,31
50600	-12557850206,62
50640	-12577712928,94
50680	-12597591347,25
50720	-12617485461,56
50760	-12637395271,88
50800	-12657320778,19
50840	-12677261980,5
50880	-12697218878,82
50920	-12717191473,13
50960	-12737179763,45
51000	-12757183749,76
51040	-12777203432,07
51080	-12797238810,39
51120	-12817289884,7
51160	-12837356655,01
51200	-12857439121,33
51240	-12877537283,64
51280	-12897651141,95
51320	-12917780696,27
51360	-12937925946,58
51400	-12958086892,89
51440	-12978263535,21
51480	-12998455873,52
51520	-13018663907,83
51560	-13038887638,15
51600	-13059127064,46
51640	-13079382186,78
51680	-13099653005,09
51720	-13119939519,4
51760	-13140241729,72
51800	-13160559636,03
51840	-13180893238,34
51880	-13201242536,66
51920	-13221607530,97
51960	-13241988221,28
52000	-13262384607,6
52040	-13282796689,91
52080	-13303224468,22
52120	-13323667942,54
52160	-13344127112,85
52200	-13364601979,16
52240	-13385092541,48
52280	-13405598799,79
52320	-13426120754,11
52360	-13446658404,42
52400	-13467211750,73
52440	-13487780793,05
52480	-13508365531,36
52520	-13528965965,67
52560	-13549582095,99
52600	-13570213922,3
52640	-13590861444,61
52680	-13611524662,93
52720	-13632203577,24
52760	-13652898187,55
52800	-13673608493,87
52840	-13694334496,18
52880	-13715076194,49
52920	-13735833588,81
52960	-13756606679,12
53000	-13777395465,44
53040	-13798199947,75
53080	-13819020126,06
53120	-13839856000,38
53160	-13860707570,69
53200	-13881574837
53240	-13902457799,32
53280	-13923356457,63
53320	-13944270811,94
53360	-13965200862,26
53400	-13986146608,57
53440	-14007108050,88
53480	-14028085189,2
53520	-14049078023,51
53560	-14070086553,82
53600	-14091110780,14
53640	-14112150702,45
53680	-14133206320,77
53720	-14154277635,08
53760	-14175364645,39
53800	-14196467351,71
53840	-14217585754,02
53880	-14238719852,33
53920	-14259869646,65
53960	-14281035136,96
54000	-14302216323,27
54040	-14323413205,59
54080	-14344625783,9
54120	-14365854058,21
54160	-14387098028,53
54200	-14408357694,84
54240	-14429633057,16
54280	-14450924115,47
54320	-14472230869,78
54360	-14493553320,1
54400	-14514891466,41
54440	-14536245308,72
54480	-14557614847,04
54520	-14579000081,35
54560	-14600401011,66
54600	-14621817637,98
54640	-14643249960,29
54680	-14664697978,6
54720	-14686161692,92
54760	-14707641103,23
54800	-14729136209,54
54840	-14750647011,86
54880	-14772173510,17
54920	-14793715704,49
54960	-14815273594,8
55000	-14836847181,11
55040	-14858436463,43
55080	-14880041441,74
55120	-14901662116,05
55160	-14923298486,37
55200	-14944950552,68
55240	-14966618314,99
55280	-14988301773,31
55320	-15010000927,62
55360	-15031715777,93
55400	-15053446324,25
55440	-15075192566,56
55480	-15096954504,87
55520	-15118732139,19
55560	-15140525469,5
55600	-15162334495,82
55640	-15184159218,13
55680	-15205999636,44
55720	-15227855750,76
55760	-15249727561,07
55800	-15271615067,38
55840	-15293518269,7
55880	-15315437168,01
55920	-15337371762,32
55960	-15359322052,64
56000	-15381288038,95
56040	-15403269721,26
56080	-15425267099,58
56120	-15447280173,89
56160	-15469308944,2
56200	-15491353410,52
56240	-15513413572,83
56280	-15535489431,15
56320	-15557580985,46
56360	-15579688235,77
56400	-15601811182,09
56440	-15623949824,4
56480	-15646104162,71
56520	-15668274197,03
56560	-15690459927,34
56600	-15712661353,65
56640	-15734878475,97
56680	-15757111294,28
56720	-15779359808,59
56760	-15801624018,91
56800	-15823903925,22
56840	-15846199527,53
56880	-15868510825,85
56920	-15890837820,16
56960	-15913180510,48
57000	-15935538896,79
57040	-15957912979,1
57080	-15980302757,42
57120	-16002708231,73
57160	-16025129402,04
57200	-16047566268,36
57240	-16070018830,67
57280	-16092487088,98
57320	-16114971043,3
57360	-16137470693,61
57400	-16159986039,92
57440	-16182517082,24
57480	-16205063820,55
57520	-16227626254,87
57560	-16250204385,18
57600	-16272798211,49
57640	-16295407733,81
57680	-16318032952,12
57720	-16340673866,43
57760	-16363330476,75
57800	-16386002783,06
57840	-16408690785,37
57880	-16431394483,69
57920	-16454113878
57960	-16476848968,31
58000	-16499599754,63
58040	-16522366236,94
58080	-16545148415,25
58120	-16567946289,57
58160	-16590759859,88
58200	-16613589126,2
58240	-16636434088,51
58280	-16659294746,82
58320	-16682171101,14
58360	-16705063151,45
58400	-16727970897,76
58440	-16750894340,08
58480	-16773833478,39
58520	-16796788312,7
58560	-16819758843,02
58600	-16842745069,33
58640	-16865746991,64
58680	-16888764609,96
58720	-16911797924,27
58760	-16934846934,58
58800	-16957911640,9
58840	-16980992043,21
58880	-17004088141,53
58920	-17027199935,84
58960	-17050327426,15
59000	-17073470612,47
59040	-17096629494,78
59080	-17119804073,09
59120	-17142994347,41
59160	-17166200317,72
59200	-17189421984,03
59240	-17212659346,35
59280	-17235912404,66
59320	-17259181158,97
59360	-17282465609,29
59400	-17305765755,6
59440	-17329081597,91
59480	-17352413136,23
59520	-17375760370,54
59560	-17399123300,86
59600	-17422501927,17
59640	-17445896249,48
59680	-17469306267,8
59720	-17492731982,11
59760	-17516173392,42
59800	-17539630498,74
59840	-17563103301,05
59880	-17586591799,36
59920	-17610095993,68
59960	-17633615883,99
60000	-17657151470,3
60040	-17680702752,62
60080	-17704269730,93
60120	-17727852405,24
60160	-17751450775,56
60200	-17775064841,87
60240	-17798694604,19
60280	-17822340062,5
60320	-17846001216,81
60360	-17869678067,13
60400	-17893370613,44
60440	-17917078855,75
60480	-17940802794,07
60520	-17964542428,38
60560	-17988297758,69
60600	-18012068785,01
60640	-18035855507,32
60680	-18059657925,63
60720	-18083476039,95
60760	-18107309850,26
60800	-18131159356,57
60840	-18155024558,89
60880	-18178905457,2
60920	-18202802051,52
60960	-18226714341,83
61000	-18250642328,14
61040	-18274586010,46
61080	-18298545388,77
61120	-18322520463,08
61160	-18346511233,4
61200	-18370517699,71
61240	-18394539862,02
61280	-18418577720,34
61320	-18442631274,65
61360	-18466700524,96
61400	-18490785471,28
61440	-18514886113,59
61480	-18539002451,91
61520	-18563134486,22
61560	-18587282216,53
61600	-18611445642,85
61640	-18635624765,16
61680	-18659819583,47
61720	-18684030097,79
61760	-18708256308,1
61800	-18732498214,41
61840	-18756755816,73
61880	-18781029115,04
61920	-18805318109,35
61960	-18829622799,67
62000	-18853943185,98
62040	-18878279268,29
62080	-18902631046,61
62120	-18926998520,92
62160	-18951381691,24
62200	-18975780557,55
62240	-19000195119,86
62280	-19024625378,18
62320	-19049071332,49
62360	-19073532982,8
62400	-19098010329,12
62440	-19122503371,43
62480	-19147012109,74
62520	-19171536544,06
62560	-19196076674,37
62600	-19220632500,68
62640	-19245204023
62680	-19269791241,31
62720	-19294394155,62
62760	-19319012765,94
62800	-19343647072,25
62840	-19368297074,57
62880	-19392962772,88
62920	-19417644167,19
62960	-19442341257,51
63000	-19467054043,82
63040	-19491782526,13
63080	-19516526704,45
63120	-19541286578,76
63160	-19566062149,07
63200	-19590853415,39
63240	-19615660377,7
63280	-19640483036,01
63320	-19665321390,33
63360	-19690175440,64
63400	-19715045186,95
63440	-19739930629,27
63480	-19764831767,58
63520	-19789748601,9
63560	-19814681132,21
63600	-19839629358,52
63640	-19864593280,84
63680	-19889572899,15
63720	-19914568213,46
63760	-19939579223,78
63800	-19964605930,09
63840	-19989648332,4
63880	-20014706430,72
63920	-20039780225,03
63960	-20064869715,34
64000	-20089974901,66
64040	-20115095783,97
64080	-20140232362,28
64120	-20165384636,6
64160	-20190552606,91
64200	-20215736273,23
64240	-20240935635,54
64280	-20266150693,85
64320	-20291381448,17
64360	-20316627898,48
64400	-20341890044,79
64440	-20367167887,11
64480	-20392461425,42
64520	-20417770659,73
64560	-20443095590,05
64600	-20468436216,36
64640	-20493792538,67
64680	-20519164556,99
64720	-20544552271,3
64760	-20569955681,62
64800	-20595374787,93
64840	-20620809590,24
64880	-20646260088,56
64920	-20671726282,87
64960	-20697208173,18
65000	-20722705759,5
65040	-20748219041,81
65080	-20773748020,12
65120	-20799292694,44
65160	-20824853064,75
65200	-20850429131,06
65240	-20876020893,38
65280	-20901628351,69
65320	-20927251506
65360	-20952890356,32
65400	-20978544902,63
65440	-21004215144,95
65480	-21029901083,26
65520	-21055602717,57
65560	-21081320047,89
65600	-21107053074,2
65640	-21132801796,51
65680	-21158566214,83
65720	-21184346329,14
65760	-21210142139,45
65800	-21235953645,77
65840	-21261780848,08
65880	-21287623746,39
65920	-21313482340,71
65960	-21339356631,02
66000	-21365246617,33
66040	-21391152299,65
66080	-21417073677,96
66120	-21443010752,28
66160	-21468963522,59
66200	-21494931988,9
66240	-21520916151,22
66280	-21546916009,53
66320	-21572931563,84
66360	-21598962814,16
66400	-21625009760,47
66440	-21651072402,78
66480	-21677150741,1
66520	-21703244775,41
66560	-21729354505,72
66600	-21755479932,04
66640	-21781621054,35
66680	-21807777872,66
66720	-21833950386,98
66760	-21860138597,29
66800	-21886342503,61
66840	-21912562105,92
66880	-21938797404,23
66920	-21965048398,55
66960	-21991315088,86
67000	-22017597475,17
67040	-22043895557,49
67080	-22070209335,8
67120	-22096538810,11
67160	-22122883980,43
67200	-22149244846,74
67240	-22175621409,05
67280	-22202013667,37
67320	-22228421621,68
67360	-22254845271,99
67400	-22281284618,31
67440	-22307739660,62
67480	-22334210398,94
67520	-22360696833,25
67560	-22387198963,56
67600	-22413716789,88
67640	-22440250312,19
67680	-22466799530,5
67720	-22493364444,82
67760	-22519945055,13
67800	-22546541361,44
67840	-22573153363,76
67880	-22599781062,07
67920	-22626424456,38
67960	-22653083546,7
68000	-22679758333,01
68040	-22706448815,33
68080	-22733154993,64
68120	-22759876867,95
68160	-22786614438,27
68200	-22813367704,58
68240	-22840136666,89
68280	-22866921325,21
68320	-22893721679,52
68360	-22920537729,83
68400	-22947369476,15
68440	-22974216918,46
68480	-23001080056,77
68520	-23027958891,09
68560	-23054853421,4
68600	-23081763647,71
68640	-23108689570,03
68680	-23135631188,34
68720	-23162588502,66
68760	-23189561512,97
68800	-23216550219,28
68840	-23243554621,6
68880	-23270574719,91
68920	-23297610514,22
68960	-23324662004,54
69000	-23351729190,85
69040	-23378812073,16
69080	-23405910651,48
69120	-23433024925,79
69160	-23460154896,1
69200	-23487300562,42
69240	-23514461924,73
69280	-23541638983,04
69320	-23568831737,36
69360	-23596040187,67
69400	-23623264333,99
69440	-23650504176,3
69480	-23677759714,61
69520	-23705030948,93
69560	-23732317879,24
69600	-23759620505,55
69640	-23786938827,87
69680	-23814272846,18
69720	-23841622560,49
69760	-23868987970,81
69800	-23896369077,12
69840	-23923765879,43
69880	-23951178377,75
69920	-23978606572,06
69960	-24006050462,37
70000	-24033510048,69
70040	-24060985331
70080	-24088476309,32
70120	-24115982983,63
70160	-24143505353,94
70200	-24171043420,26
70240	-24198597182,57
70280	-24226166640,88
70320	-24253751795,2
70360	-24281352645,51
70400	-24308969191,82
70440	-24336601434,14
70480	-24364249372,45
70520	-24391913006,76
70560	-24419592337,08
70600	-24447287363,39
70640	-24474998085,7
70680	-24502724504,02
70720	-24530466618,33
70760	-24558224428,65
70800	-24585997934,96
70840	-24613787137,27
70880	-24641592035,59
70920	-24669412629,9
70960	-24697248920,21
71000	-24725100906,53
71040	-24752968588,84
71080	-24780851967,15
71120	-24808751041,47
71160	-24836665811,78
71200	-24864596278,09
71240	-24892542440,41
71280	-24920504298,72
71320	-24948481853,03
71360	-24976475103,35
71400	-25004484049,66
71440	-25032508691,98
71480	-25060549030,29
71520	-25088605064,6
71560	-25116676794,92
71600	-25144764221,23
71640	-25172867343,54
71680	-25200986161,86
71720	-25229120676,17
71760	-25257270886,48
71800	-25285436792,8
71840	-25313618395,11
71880	-25341815693,42
71920	-25370028687,74
71960	-25398257378,05
72000	-25426501764,37
72040	-25454761846,68
72080	-25483037624,99
72120	-25511329099,31
72160	-25539636269,62
72200	-25567959135,93
72240	-25596297698,25
72280	-25624651956,56
72320	-25653021910,87
72360	-25681407561,19
72400	-25709808907,5
72440	-25738225949,81
72480	-25766658688,13
72520	-25795107122,44
72560	-25823571252,75
72600	-25852051079,07
72640	-25880546601,38
72680	-25909057819,7
72720	-25937584734,01
72760	-25966127344,32
72800	-25994685650,64
72840	-26023259652,95
72880	-26051849351,26
72920	-26080454745,58
72960	-26109075835,89
73000	-26137712622,2
73040	-26166365104,52
73080	-26195033282,83
73120	-26223717157,14
73160	-26252416727,46
73200	-26281131993,77
73240	-26309862956,08
73280	-26338609614,4
73320	-26367371968,71
73360	-26396150019,03
73400	-26424943765,34
73440	-26453753207,65
73480	-26482578345,97
73520	-26511419180,28
73560	-26540275710,59
73600	-26569147936,91
73640	-26598035859,22
73680	-26626939477,53
73720	-26655858791,85
73760	-26684793802,16
73800	-26713744508,47
73840	-26742710910,79
73880	-26771693009,1
73920	-26800690803,41
73960	-26829704293,73
74000	-26858733480,04
74040	-26887778362,36
74080	-26916838940,67
74120	-26945915214,98
74160	-26975007185,3
74200	-27004114851,61
74240	-27033238213,92
74280	-27062377272,24
74320	-27091532026,55
74360	-27120702476,86
74400	-27149888623,18
74440	-27179090465,49
74480	-27208308003,8
74520	-27237541238,12
74560	-27266790168,43
74600	-27296054794,74
74640	-27325335117,06
74680	-27354631135,37
74720	-27383942849,69
74760	-27413270260
74800	-27442613366,31
74840	-27471972168,63
74880	-27501346666,94
74920	-27530736861,25
74960	-27560142751,57
75000	-27589564337,88
75040	-27619001620,19
75080	-27648454598,51
75120	-27677923272,82
75160	-27707407643,13
75200	-27736907709,45
75240	-27766423471,76
75280	-27795954930,08
75320	-27825502084,39
75360	-27855064934,7
75400	-27884643481,02
75440	-27914237723,33
75480	-27943847661,64
75520	-27973473295,96
75560	-28003114626,27
75600	-28032771652,58
75640	-28062444374,9
75680	-28092132793,21
75720	-28121836907,52
75760	-28151556717,84
75800	-28181292224,15
75840	-28211043426,46
75880	-28240810324,78
75920	-28270592919,09
75960	-28300391209,41
76000	-28330205195,72
76040	-28360034878,03
76080	-28389880256,35
76120	-28419741330,66
76160	-28449618100,97
76200	-28479510567,29
76240	-28509418729,6
76280	-28539342587,91
76320	-28569282142,23
76360	-28599237392,54
76400	-28629208338,85
76440	-28659194981,17
76480	-28689197319,48
76520	-28719215353,79
76560	-28749249084,11
76600	-28779298510,42
76640	-28809363632,74
76680	-28839444451,05
76720	-28869540965,36
76760	-28899653175,68
76800	-28929781081,99
76840	-28959924684,3
76880	-28990083982,62
76920	-29020258976,93
76960	-29050449667,24
77000	-29080656053,56
77040	-29110878135,87
77080	-29141115914,18
77120	-29171369388,5
77160	-29201638558,81
77200	-29231923425,12
77240	-29262223987,44
77280	-29292540245,75
77320	-29322872200,07
77360	-29353219850,38
77400	-29383583196,69
77440	-29413962239,01
77480	-29444356977,32
77520	-29474767411,63
77560	-29505193541,95
77600	-29535635368,26
77640	-29566092890,57
77680	-29596566108,89
77720	-29627055023,2
77760	-29657559633,51
77800	-29688079939,83
77840	-29718615942,14
77880	-29749167640,45
77920	-29779735034,77
77960	-29810318125,08
78000	-29840916911,4
78040	-29871531393,71
78080	-29902161572,02
78120	-29932807446,34
78160	-29963469016,65
78200	-29994146282,96
78240	-30024839245,28
78280	-30055547903,59
78320	-30086272257,9
78360	-30117012308,22
78400	-30147768054,53
78440	-30178539496,84
78480	-30209326635,16
78520	-30240129469,47
78560	-30270947999,79
78600	-30301782226,1
78640	-30332632148,41
78680	-30363497766,73
78720	-30394379081,04
78760	-30425276091,35
78800	-30456188797,67
78840	-30487117199,98
78880	-30518061298,29
78920	-30549021092,61
78960	-30579996582,92
79000	-30610987769,23
79040	-30641994651,55
79080	-30673017229,86
79120	-30704055504,17
79160	-30735109474,49
79200	-30766179140,8
79240	-30797264503,12
79280	-30828365561,43
79320	-30859482315,74
79360	-30890614766,06
79400	-30921762912,37
79440	-30952926754,68
79480	-30984106293
79520	-31015301527,31
79560	-31046512457,62
79600	-31077739083,94
79640	-31108981406,25
79680	-31140239424,56
79720	-31171513138,88
79760	-31202802549,19
79800	-31234107655,5
79840	-31265428457,82
79880	-31296764956,13
79920	-31328117150,45
79960	-31359485040,76
80000	-31390868627,07
80040	-31422267909,39
80080	-31453682887,7
80120	-31485113562,01
80160	-31516559932,33
80200	-31548021998,64
80240	-31579499760,95
80280	-31610993219,27
80320	-31642502373,58
80360	-31674027223,89
80400	-31705567770,21
80440	-31737124012,52
80480	-31768695950,83
80520	-31800283585,15
80560	-31831886915,46
80600	-31863505941,78
80640	-31895140664,09
80680	-31926791082,4
80720	-31958457196,72
80760	-31990139007,03
80800	-32021836513,34
80840	-32053549715,66
80880	-32085278613,97
80920	-32117023208,28
80960	-32148783498,6
81000	-32180559484,91
81040	-32212351167,22
81080	-32244158545,54
81120	-32275981619,85
81160	-32307820390,16
81200	-32339674856,48
81240	-32371545018,79
81280	-32403430877,11
81320	-32435332431,42
81360	-32467249681,73
81400	-32499182628,05
81440	-32531131270,36
81480	-32563095608,67
81520	-32595075642,99
81560	-32627071373,3
81600	-32659082799,61
81640	-32691109921,93
81680	-32723152740,24
81720	-32755211254,55
81760	-32787285464,87
81800	-32819375371,18
81840	-32851480973,49
81880	-32883602271,81
81920	-32915739266,12
81960	-32947891956,44
82000	-32980060342,75
82040	-33012244425,06
82080	-33044444203,38
82120	-33076659677,69
82160	-33108890848
82200	-33141137714,32
82240	-33173400276,63
82280	-33205678534,94
82320	-33237972489,26
82360	-33270282139,57
82400	-33302607485,88
82440	-33334948528,2
82480	-33367305266,51
82520	-33399677700,83
82560	-33432065831,14
82600	-33464469657,45
82640	-33496889179,77
82680	-33529324398,08
82720	-33561775312,39
82760	-33594241922,71
82800	-33626724229,02
82840	-33659222231,33
82880	-33691735929,65
82920	-33724265323,96
82960	-33756810414,27
83000	-33789371200,59
83040	-33821947682,9
83080	-33854539861,21
83120	-33887147735,53
83160	-33919771305,84
83200	-33952410572,16
83240	-33985065534,47
83280	-34017736192,78
83320	-34050422547,1
83360	-34083124597,41
83400	-34115842343,72
83440	-34148575786,04
83480	-34181324924,35
83520	-34214089758,66
83560	-34246870288,98
83600	-34279666515,29
83640	-34312478437,6
83680	-34345306055,92
83720	-34378149370,23
83760	-34411008380,54
83800	-34443883086,86
83840	-34476773489,17
83880	-34509679587,49
83920	-34542601381,8
83960	-34575538872,11
84000	-34608492058,43
84040	-34641460940,74
84080	-34674445519,05
84120	-34707445793,37
84160	-34740461763,68
84200	-34773493429,99
84240	-34806540792,31
84280	-34839603850,62
84320	-34872682604,93
84360	-34905777055,25
84400	-34938887201,56
84440	-34972013043,87
84480	-35005154582,19
84520	-35038311816,5
84560	-35071484746,82
84600	-35104673373,13
84640	-35137877695,44
84680	-35171097713,76
84720	-35204333428,07
84760	-35237584838,38
84800	-35270851944,7
84840	-35304134747,01
84880	-35337433245,32
84920	-35370747439,64
84960	-35404077329,95
85000	-35437422916,26
85040	-35470784198,58
85080	-35504161176,89
85120	-35537553851,2
85160	-35570962221,52
85200	-35604386287,83
85240	-35637826050,15
85280	-35671281508,46
85320	-35704752662,77
85360	-35738239513,09
85400	-35771742059,4
85440	-35805260301,71
85480	-35838794240,03
85520	-35872343874,34
85560	-35905909204,65
85600	-35939490230,97
85640	-35973086953,28
85680	-36006699371,59
85720	-36040327485,91
85760	-36073971296,22
85800	-36107630802,54
85840	-36141306004,85
85880	-36174996903,16
85920	-36208703497,48
85960	-36242425787,79
86000	-36276163774,1
86040	-36309917456,42
86080	-36343686834,73
86120	-36377471909,04
86160	-36411272679,36
86200	-36445089145,67
86240	-36478921307,98
86280	-36512769166,3
86320	-36546632720,61
86360	-36580511970,92
86400	-36614406917,24
86440	-36648317559,55
86480	-36682243897,87
86520	-36716185932,18
86560	-36750143662,49
86600	-36784117088,81
86640	-36818106211,12
86680	-36852111029,43
86720	-36886131543,75
86760	-36920167754,06
86800	-36954219660,37
86840	-36988287262,69
86880	-37022370561
86920	-37056469555,31
86960	-37090584245,63
87000	-37124714631,94
87040	-37158860714,25
87080	-37193022492,57
87120	-37227199966,88
87160	-37261393137,2
87200	-37295602003,51
87240	-37329826565,82
87280	-37364066824,14
87320	-37398322778,45
87360	-37432594428,76
87400	-37466881775,08
87440	-37501184817,39
87480	-37535503555,7
87520	-37569837990,02
87560	-37604188120,33
87600	-37638553946,64
87640	-37672935468,96
87680	-37707332687,27
87720	-37741745601,58
87760	-37776174211,9
87800	-37810618518,21
87840	-37845078520,53
87880	-37879554218,84
87920	-37914045613,15
87960	-37948552703,47
88000	-37983075489,78
88040	-38017613972,09
88080	-38052168150,41
88120	-38086738024,72
88160	-38121323595,03
88200	-38155924861,35
88240	-38190541823,66
88280	-38225174481,97
88320	-38259822836,29
88360	-38294486886,6
88400	-38329166632,91
88440	-38363862075,23
88480	-38398573213,54
88520	-38433300047,86
88560	-38468042578,17
88600	-38502800804,48
88640	-38537574726,8
88680	-38572364345,11
88720	-38607169659,42
88760	-38641990669,74
88800	-38676827376,05
88840	-38711679778,36
88880	-38746547876,68
88920	-38781431670,99
88960	-38816331161,3
89000	-38851246347,62
89040	-38886177229,93
89080	-38921123808,25
89120	-38956086082,56
89160	-38991064052,87
89200	-39026057719,19
89240	-39061067081,5
89280	-39096092139,81
89320	-39131132894,13
89360	-39166189344,44
89400	-39201261490,75
89440	-39236349333,07
89480	-39271452871,38
89520	-39306572105,69
89560	-39341707036,01
89600	-39376857662,32
89640	-39412023984,63
89680	-39447206002,95
89720	-39482403717,26
89760	-39517617127,58
89800	-39552846233,89
89840	-39588091036,2
89880	-39623351534,52
89920	-39658627728,83
89960	-39693919619,14
90000	-39729227205,46
90040	-39764550487,77
90080	-39799889466,08
90120	-39835244140,4
90160	-39870614510,71
90200	-39906000577,02
90240	-39941402339,34
90280	-39976819797,65
90320	-40012252951,96
90360	-40047701802,28
90400	-40083166348,59
90440	-40118646590,91
90480	-40154142529,22
90520	-40189654163,53
90560	-40225181493,85
90600	-40260724520,16
90640	-40296283242,47
90680	-40331857660,79
90720	-40367447775,1
90760	-40403053585,41
90800	-40438675091,73
90840	-40474312294,04
90880	-40509965192,35
90920	-40545633786,67
90960	-40581318076,98
91000	-40617018063,29
91040	-40652733745,61
91080	-40688465123,92
91120	-40724212198,24
91160	-40759974968,55
91200	-40795753434,86
91240	-40831547597,18
91280	-40867357455,49
91320	-40903183009,8
91360	-40939024260,12
91400	-40974881206,43
91440	-41010753848,74
91480	-41046642187,06
91520	-41082546221,37
91560	-41118465951,68
91600	-41154401378
91640	-41190352500,31
91680	-41226319318,62
91720	-41262301832,94
91760	-41298300043,25
91800	-41334313949,57
91840	-41370343551,88
91880	-41406388850,19
91920	-41442449844,51
91960	-41478526534,82
92000	-41514618921,13
92040	-41550727003,45
92080	-41586850781,76
92120	-41622990256,07
92160	-41659145426,39
92200	-41695316292,7
92240	-41731502855,01
92280	-41767705113,33
92320	-41803923067,64
92360	-41840156717,95
92400	-41876406064,27
92440	-41912671106,58
92480	-41948951844,9
92520	-41985248279,21
92560	-42021560409,52
92600	-42057888235,84
92640	-42094231758,15
92680	-42130590976,46
92720	-42166965890,78
92760	-42203356501,09
92800	-42239762807,4
92840	-42276184809,72
92880	-42312622508,03
92920	-42349075902,34
92960	-42385544992,66
93000	-42422029778,97
93040	-42458530261,29
93080	-42495046439,6
93120	-42531578313,91
93160	-42568125884,23
93200	-42604689150,54
93240	-42641268112,85
93280	-42677862771,17
93320	-42714473125,48
93360	-42751099175,79
93400	-42787740922,11
93440	-42824398364,42
93480	-42861071502,73
93520	-42897760337,05
93560	-42934464867,36
93600	-42971185093,67
93640	-43007921015,99
93680	-43044672634,3
93720	-43081439948,62
93760	-43118222958,93
93800	-43155021665,24
93840	-43191836067,56
93880	-43228666165,87
93920	-43265511960,18
93960	-43302373450,5
94000	-43339250636,81
94040	-43376143519,12
94080	-43413052097,44
94120	-43449976371,75
94160	-43486916342,06
94200	-43523872008,38
94240	-43560843370,69
94280	-43597830429
94320	-43634833183,32
94360	-43671851633,63
94400	-43708885779,95
94440	-43745935622,26
94480	-43783001160,57
94520	-43820082394,89
94560	-43857179325,2
94600	-43894291951,51
94640	-43931420273,83
94680	-43968564292,14
94720	-44005724006,45
94760	-44042899416,77
94800	-44080090523,08
94840	-44117297325,39
94880	-44154519823,71
94920	-44191758018,02
94960	-44229011908,33
95000	-44266281494,65
95040	-44303566776,96
95080	-44340867755,28
95120	-44378184429,59
95160	-44415516799,9
95200	-44452864866,22
95240	-44490228628,53
95280	-44527608086,84
95320	-44565003241,16
95360	-44602414091,47
95400	-44639840637,78
95440	-44677282880,1
95480	-44714740818,41
95520	-44752214452,72
95560	-44789703783,04
95600	-44827208809,35
95640	-44864729531,66
95680	-44902265949,98
95720	-44939818064,29
95760	-44977385874,61
95800	-45014969380,92
95840	-45052568583,23
95880	-45090183481,55
95920	-45127814075,86
95960	-45165460366,17
96000	-45203122352,49
96040	-45240800034,8
96080	-45278493413,11
96120	-45316202487,43
96160	-45353927257,74
96200	-45391667724,05
96240	-45429423886,37
96280	-45467195744,68
96320	-45504983299
96360	-45542786549,31
96400	-45580605495,62
96440	-45618440137,94
96480	-45656290476,25
96520	-45694156510,56
96560	-45732038240,88
96600	-45769935667,19
96640	-45807848789,5
96680	-45845777607,82
96720	-45883722122,13
96760	-45921682332,44
96800	-45959658238,76
96840	-45997649841,07
96880	-46035657139,38
96920	-46073680133,7
96960	-46111718824,01
97000	-46149773210,33
97040	-46187843292,64
97080	-46225929070,95
97120	-46264030545,27
97160	-46302147715,58
97200	-46340280581,89
97240	-46378429144,21
97280	-46416593402,52
97320	-46454773356,83
97360	-46492969007,15
97400	-46531180353,46
97440	-46569407395,77
97480	-46607650134,09
97520	-46645908568,4
97560	-46684182698,71
97600	-46722472525,03
97640	-46760778047,34
97680	-46799099265,66
97720	-46837436179,97
97760	-46875788790,28
97800	-46914157096,6
97840	-46952541098,91
97880	-46990940797,22
97920	-47029356191,54
97960	-47067787281,85
98000	-47106234068,16
98040	-47144696550,48
98080	-47183174728,79
98120	-47221668603,1
98160	-47260178173,42
98200	-47298703439,73
98240	-47337244402,04
98280	-47375801060,36
98320	-47414373414,67
98360	-47452961464,99
98400	-47491565211,3
98440	-47530184653,61
98480	-47568819791,93
98520	-47607470626,24
98560	-47646137156,55
98600	-47684819382,87
98640	-47723517305,18
98680	-47762230923,49
98720	-47800960237,81
98760	-47839705248,12
98800	-47878465954,43
98840	-47917242356,75
98880	-47956034455,06
98920	-47994842249,37
98960	-48033665739,69
99000	-48072504926
99040	-48111359808,32
99080	-48150230386,63
99120	-48189116660,94
99160	-48228018631,26
99200	-48266936297,57
99240	-48305869659,88
99280	-48344818718,2
99320	-48383783472,51
99360	-48422763922,82
99400	-48461760069,14
99440	-48500771911,45
99480	-48539799449,76
99520	-48578842684,08
99560	-48617901614,39
99600	-48656976240,71
99640	-48696066563,02
99680	-48735172581,33
99720	-48774294295,65
99760	-48813431705,96
99800	-48852584812,27
99840	-48891753614,59
99880	-48930938112,9
99920	-48970138307,21
99960	-49009354197,53
100000	-49048585783,84
