   0.0000000       0.0000000    
  9.99999978E-03  0.14093086    
  1.99999996E-02  0.28088072    
  2.99999993E-02  0.41984957    
  3.99999991E-02  0.55783743    
  4.99999970E-02  0.69484431    
  5.99999987E-02  0.83087015    
  7.00000003E-02  0.96591502    
  7.99999982E-02   1.0999789    
  8.99999961E-02   1.2330618    
  9.99999940E-02   1.3651637    
  0.11000000       1.4962846    
  0.12000000       1.6264246    
  0.13000000       1.7555834    
  0.14000000       1.8837613    
  0.14999999       2.0109582    
  0.16000000       2.1371741    
  0.17000000       2.2624090    
  0.17999999       2.3866630    
  0.19000000       2.5099359    
  0.19999999       2.6322277    
  0.20999999       2.7535386    
  0.22000000       2.8738685    
  0.22999999       2.9932175    
  0.23999999       3.1115854    
  0.25000000       3.2289722    
  0.25999999       3.3453782    
  0.26999998       3.4608030    
  0.28000000       3.5752470    
  0.28999999       3.6887100    
  0.29999998       3.8011918    
  0.31000000       3.9126928    
  0.31999999       4.0232129    
  0.32999998       4.1327519    
  0.34000000       4.2413101    
  0.34999999       4.3488870    
  0.35999998       4.4554830    
  0.37000000       4.5610981    
  0.38000000       4.6657319    
  0.38999999       4.7693849    
  0.39999998       4.8720570    
  0.41000000       4.9737477    
  0.41999999       5.0744576    
  0.42999998       5.1741867    
  0.44000000       5.2729349    
  0.44999999       5.3707018    
  0.45999998       5.4674878    
  0.47000000       5.5632930    
  0.47999999       5.6581168    
  0.48999998       5.7519598    
  0.50000000       5.8448219    
  0.50999999       5.9367027    
  0.51999998       6.0276027    
  0.52999997       6.1175218    
  0.53999996       6.2064600    
  0.55000001       6.2944169    
  0.56000000       6.3813930    
  0.56999999       6.4673882    
  0.57999998       6.5524020    
  0.58999997       6.6364350    
  0.59999996       6.7194872    
  0.61000001       6.8015580    
  0.62000000       6.8826480    
  0.63000000       6.9627571    
  0.63999999       7.0418854    
  0.64999998       7.1200323    
  0.65999997       7.1971984    
  0.66999996       7.2733836    
  0.68000001       7.3485875    
  0.69000000       7.4228106    
  0.69999999       7.4960527    
  0.70999998       7.5683136    
  0.71999997       7.6395936    
  0.72999996       7.7098927    
  0.74000001       7.7792106    
  0.75000000       7.8475475    
  0.75999999       7.9149036    
  0.76999998       7.9812784    
  0.77999997       8.0466728    
  0.78999996       8.1110859    
  0.79999995       8.1745176    
  0.81000000       8.2369690    
  0.81999999       8.2984390    
  0.82999998       8.3589277    
  0.83999997       8.4184361    
  0.84999996       8.4769630    
  0.85999995       8.5345087    
  0.87000000       8.5910740    
  0.88000000       8.6466579    
  0.88999999       8.7012606    
  0.89999998       8.7548828    
  0.90999997       8.8075237    
  0.91999996       8.8591833    
  0.93000001       8.9098625    
  0.94000000       8.9595604    
  0.94999999       9.0082769    
  0.95999998       9.0560131    
  0.96999997       9.1027679    
  0.97999996       9.1485424    
  0.98999995       9.1933355    
   1.0000000       9.2371473    
   1.0100000       9.2799788    
   1.0200000       9.3218288    
   1.0300000       9.3626976    
   1.0400000       9.4025860    
   1.0500000       9.4414930    
   1.0599999       9.4794188    
   1.0699999       9.5163641    
   1.0799999       9.5523281    
   1.0900000       9.5873108    
   1.1000000       9.6213131    
   1.1100000       9.6543341    
   1.1200000       9.6863737    
   1.1300000       9.7174330    
   1.1400000       9.7475109    
   1.1500000       9.7766075    
   1.1600000       9.8047237    
   1.1700000       9.8318586    
   1.1799999       9.8580122    
   1.1899999       9.8831854    
   1.1999999       9.9073772    
   1.2099999       9.9305878    
   1.2200000       9.9528179    
   1.2300000       9.9740667    
   1.2400000       9.9943352    
   1.2500000       10.013622    
   1.2600000       10.031928    
   1.2700000       10.049253    
   1.2800000       10.065598    
   1.2900000       10.080960    
   1.3000000       10.095343    
   1.3099999       10.108744    
   1.3199999       10.121163    
   1.3299999       10.132603    
   1.3399999       10.143061    
   1.3500000       10.152537    
   1.3600000       10.161034    
   1.3700000       10.168549    
   1.3800000       10.175082    
   1.3900000       10.180635    
   1.4000000       10.185207    
   1.4100000       10.188798    
   1.4200000       10.191408    
   1.4299999       10.193037    
   1.4399999       10.193685    
   1.4499999       10.193352    
   1.4599999       10.192038    
   1.4699999       10.189743    
   1.4800000       10.186467    
   1.4900000       10.182210    
   1.5000000       10.176972    
   1.5100000       10.170753    
   1.5200000       10.163553    
   1.5300000       10.155373    
   1.5400000       10.146211    
   1.5500000       10.136067    
   1.5599999       10.124944    
   1.5699999       10.112839    
   1.5799999       10.099752    
   1.5899999       10.085686    
   1.5999999       10.070638    
   1.6100000       10.054608    
   1.6200000       10.037599    
   1.6300000       10.019608    
   1.6400000       10.000635    
   1.6500000       9.9806824    
   1.6600000       9.9597483    
   1.6700000       9.9378328    
   1.6799999       9.9149370    
   1.6899999       9.8910599    
   1.6999999       9.8662014    
   1.7099999       9.8403625    
   1.7199999       9.8135424    
   1.7300000       9.7857418    
   1.7400000       9.7569599    
   1.7500000       9.7271967    
   1.7600000       9.6964531    
   1.7700000       9.6647282    
   1.7800000       9.6320219    
   1.7900000       9.5983353    
   1.8000000       9.5636673    
   1.8099999       9.5280180    
   1.8199999       9.4913883    
   1.8299999       9.4537773    
   1.8399999       9.4151850    
   1.8499999       9.3756123    
   1.8600000       9.3350582    
   1.8700000       9.2935228    
   1.8800000       9.2510071    
   1.8900000       9.2075100    
   1.9000000       9.1630316    
   1.9100000       9.1175728    
   1.9200000       9.0711327    
   1.9299999       9.0237112    
   1.9399999       8.9753094    
   1.9499999       8.9259262    
   1.9599999       8.8755627    
   1.9699999       8.8242178    
   1.9799999       8.7718916    
   1.9900000       8.7185850    
   2.0000000       8.6642971    
   2.0100000       8.6090279    
   2.0200000       8.5527782    
   2.0300000       8.4955473    
   2.0400000       8.4373350    
   2.0500000       8.3781424    
   2.0599999       8.3179684    
   2.0699999       8.2568130    
   2.0799999       8.1946774    
   2.0899999       8.1315603    
   2.0999999       8.0674620    
   2.1099999       8.0023832    
   2.1199999       7.9363232    
   2.1299999       7.8692822    
   2.1399999       7.8012600    
   2.1499999       7.7322569    
   2.1599998       7.6622729    
   2.1699998       7.5913076    
   2.1800001       7.5193615    
   2.1900001       7.4464345    
   2.2000000       7.3725266    
   2.2100000       7.2976375    
   2.2200000       7.2217674    
   2.2300000       7.1449165    
   2.2400000       7.0670843    
   2.2500000       6.9882712    
   2.2600000       6.9084773    
   2.2700000       6.8277020    
   2.2800000       6.7459459    
   2.2900000       6.6632090    
   2.3000000       6.5794907    
   2.3099999       6.4947915    
   2.3199999       6.4091115    
   2.3299999       6.3224506    
   2.3399999       6.2348084    
   2.3499999       6.1461854    
   2.3599999       6.0565815    
   2.3699999       5.9659963    
   2.3799999       5.8744302    
   2.3899999       5.7818832    
   2.3999999       5.6883550    
   2.4099998       5.5938458    
   2.4199998       5.4983559    
   2.4299998       5.4018850    
   2.4400001       5.3044329    
   2.4500000       5.2059999    
   2.4600000       5.1065860    
   2.4700000       5.0061908    
   2.4800000       4.9048147    
   2.4900000       4.8024578    
   2.5000000       4.6991196    
   2.5100000       4.5948005    
   2.5200000       4.4895005    
   2.5300000       4.3832197    
   2.5400000       4.2759576    
   2.5500000       4.1677146    
   2.5599999       4.0584908    
   2.5699999       3.9482858    
   2.5799999       3.8370998    
   2.5899999       3.7249329    
   2.5999999       3.6117849    
   2.6099999       3.4976559    
   2.6199999       3.3825459    
   2.6299999       3.2664549    
   2.6399999       3.1493831    
   2.6499999       3.0313301    
   2.6599998       2.9122961    
   2.6699998       2.7922812    
   2.6799998       2.6712852    
   2.6900001       2.5493083    
   2.7000000       2.4263504    
   2.7100000       2.3024113    
   2.7200000       2.1774914    
   2.7300000       2.0515904    
   2.7400000       1.9247085    
   2.7500000       1.7968456    
   2.7600000       1.6680017    
   2.7700000       1.5381768    
   2.7800000       1.4073708    
   2.7900000       1.2755839    
   2.8000000       1.1428159    
   2.8099999       1.0090671    
   2.8199999      0.87433714    
   2.8299999      0.73862624    
   2.8399999      0.60193431    
   2.8499999      0.46426141    
   2.8599999      0.32560751    
   2.8699999      0.18597260    
   2.8799999      4.53567058E-02
   2.8899999     -9.62401927E-02
   2.8999999     -0.23881808    
   2.9099998     -0.38237697    
