   0.0000000       0.0000000    
  0.10000000       1.3651637    
  0.20000000       2.6322274    
  0.30000001       3.8011911    
  0.40000001       4.8720546    
  0.50000000       5.8448181    
  0.60000002       6.7194819    
  0.69999999       7.4960456    
  0.80000001       8.1745090    
  0.90000004       8.7548723    
   1.0000000       9.2371359    
   1.1000000       9.6212997    
   1.2000000       9.9073639    
   1.3000001       10.095327    
   1.4000000       10.185191    
   1.5000000       10.176955    
   1.6000000       10.070619    
   1.7000000       9.8661823    
   1.8000001       9.5636463    
   1.9000000       9.1630096    
   2.0000000       8.6642733    
   2.1000001       8.0674372    
   2.2000000       7.3725009    
   2.3000000       6.5794644    
   2.4000001       5.6883283    
   2.5000000       4.6990919    
   2.6000001       3.6117554    
   2.7000000       2.4263191    
   2.8000000       1.1427828    
   2.9000001     -0.23885357    
