   0.0000000       0.0000000    
  0.20000000       2.6322274    
  0.40000001       4.8720551    
  0.60000002       6.7194824    
  0.80000001       8.1745100    
   1.0000000       9.2371378    
   1.2000000       9.9073648    
   1.4000000       10.185192    
   1.6000000       10.070620    
   1.8000001       9.5636473    
   2.0000000       8.6642742    
   2.2000000       7.3725014    
   2.4000001       5.6883287    
   2.6000001       3.6117561    
   2.8000000       1.1427834    
   3.0000000      -1.7185893    
