   0.0000000       0.0000000    
  0.20000000       2.8284273    
  0.40000001       5.2644548    
  0.60000002       7.3080826    
  0.80000001       8.9593096    
   1.0000000       10.218137    
   1.2000000       11.084564    
   1.4000000       11.558592    
   1.6000000       11.640219    
   1.8000001       11.329446    
   2.0000000       10.626273    
   2.2000000       9.5307007    
   2.4000001       8.0427284    
   2.6000001       6.1623559    
   2.8000000       3.8895833    
   3.0000000       1.2244108    
   3.2000000      -1.8331618    
