   0.0000000       0.0000000    
  0.20000000       2.6322274    
  0.40000001       4.8720541    
  0.60000002       6.7194815    
  0.80000001       8.1745090    
   1.0000000       9.2371359    
   1.2000000       9.9073620    
   1.4000000       10.185189    
   1.6000000       10.070616    
   1.8000001       9.5636425    
   2.0000000       8.6642694    
   2.2000000       7.3724971    
   2.4000001       5.6883240    
   2.6000001       3.6117506    
   2.8000000       1.1427771    
   3.0000000      -1.7185962    
