-10.000000       7.5474911
  -9.0000000       7.0134668
  -8.0000000       6.4303927
  -7.0000000       5.7982683
  -6.0000000       5.1170945
  -5.0000000       4.3868699
  -4.0000000       3.6075959
  -3.0000000       2.7792718
  -2.0000000       1.9018979
  -1.0000000      0.97547388
   0.0000000      -0.0000000
   1.0000000      -1.0245239
   2.0000000      -2.0980976
   3.0000000      -3.2207215
   4.0000000      -4.3923950
   5.0000000      -5.6131186
   6.0000000      -6.8828921
   7.0000000      -8.2017155
   8.0000000      -9.5695896
   9.0000000      -10.986512
   10.000000      -12.452486
