   0.0000000000000000        0.0000000000000000     
  0.14142134998543388       0.14093085616810402     
  0.28284269997086775       0.28088071233810047     
  0.42426404995630163       0.41984956850998939     
  0.56568539994173550       0.55783742468377084     
  0.70710674992716949       0.69484428085944461     
  0.84852809991260347       0.83087013703701096     
  0.98994944989803746       0.96591499321646990     
   1.1313707998834712        1.0999788493978211     
   1.2727921498689050        1.2330617055810649     
   1.4142134998543388        1.3651635617662012     
   1.5556348498397725        1.4962844179532300     
   1.6970561998252063        1.6264242741421511     
   1.8384775498106400        1.7555831303329645     
   1.9798988997960738        1.8837609865256706     
   2.1213202497815073        2.0109578427202695     
   2.2627415997669411        2.1371736989167607     
   2.4041629497523749        2.2624085551151438     
   2.5455842997378086        2.3866624113154198     
   2.6870056497232424        2.5099352675175881     
   2.8284269997086762        2.6322271237216488     
   2.9698483496941099        2.7535379799276023     
   3.1112696996795437        2.8738678361354477     
   3.2526910496649775        2.9932166923451864     
   3.3941123996504112        3.1115845485568170     
   3.5355337496358450        3.2289714047703404     
   3.6769550996212788        3.3453772609857562     
   3.8183764496067125        3.4608021172030643     
   3.9597977995921463        3.5752459734222652     
   4.1012191495775800        3.6887088296433581     
   4.2426404995630138        3.8011906858663442     
   4.3840618495484476        3.9126915420912223     
   4.5254831995338813        4.0232113983179927     
   4.6669045495193151        4.1327502545466546     
   4.8083258995047489        4.2413081107772097     
   4.9497472494901826        4.3488849670096581     
   5.0911685994756164        4.4554808232439989     
   5.2325899494610502        4.5610956794802311     
   5.3740112994464839        4.6657295357183566     
   5.5154326494319177        4.7693823919583744     
   5.6568539994173515        4.8720542482002838     
   5.7982753494027852        4.9737451044440864     
   5.9396966993882190        5.0744549606897822     
   6.0811180493736527        5.1741838169373695     
   6.2225393993590865        5.2729316731868492     
   6.3639607493445203        5.3706985294382221     
   6.5053820993299540        5.4674843856914883     
   6.6468034493153878        5.5632892419466451     
   6.7882247993008216        5.6581130982036951     
   6.9296461492862553        5.7519559544626384     
   7.0710674992716891        5.8448178107234723     
   7.2124888492571229        5.9366986669861994     
   7.3539101992425566        6.0275985232508198     
   7.4953315492279904        6.1175173795173308     
   7.6367528992134242        6.2064552357857350     
   7.7781742491988579        6.2944120920560325     
   7.9195955991842917        6.3813879483282223     
   8.0610169491697246        6.4673828046023036     
   8.2024382991551565        6.5523966608782782     
   8.3438596491405885        6.6364295171561460     
   8.4852809991260205        6.7194813734359053     
   8.6267023491114525        6.8015522297175570     
   8.7681236990968845        6.8826420860011019     
   8.9095450490823165        6.9627509422865401     
   9.0509663990677485        7.0418787985738689     
   9.1923877490531805        7.1200256548630909     
   9.3338090990386124        7.1971915111542062     
   9.4752304490240444        7.2733763674472121     
   9.6166517990094764        7.3485802237421112     
   9.7580731489949084        7.4228030800389035     
   9.8994944989803404        7.4960449363375865     
   10.040915848965772        7.5683057926381627     
   10.182337198951204        7.6395856489406322     
   10.323758548936636        7.7098845052449940     
   10.465179898922068        7.7792023615512473     
   10.606601248907500        7.8475392178593939     
   10.748022598892932        7.9148950741694328     
   10.889443948878364        7.9812699304813632     
   11.030865298863796        8.0466637867951878     
   11.172286648849228        8.1110766431109020     
   11.313707998834660        8.1745084994285104     
   11.455129348820092        8.2369593557480112     
   11.596550698805524        8.2984292120694043     
   11.737972048790956        8.3589180683926916     
   11.879393398776388        8.4184259247178694     
   12.020814748761820        8.4769527810449379     
   12.162236098747252        8.5344986373739005     
   12.303657448732684        8.5910634937047554     
   12.445078798718116        8.6466473500375027     
   12.586500148703548        8.7012502063721442     
   12.727921498688980        8.7548720627086762     
   12.869342848674412        8.8075129190471024     
   13.010764198659844        8.8591727753874210     
   13.152185548645276        8.9098516317296319     
   13.293606898630708        8.9595494880737370     
   13.435028248616140        9.0082663444197326     
   13.576449598601572        9.0560022007676189     
   13.717870948587004        9.1027570571173992     
   13.859292298572436        9.1485309134690720     
   14.000713648557868        9.1933237698226371     
   14.142134998543300        9.2371356261780964     
   14.283556348528732        9.2799664825354462     
   14.424977698514164        9.3218163388946866     
   14.566399048499596        9.3626851952558212     
   14.707820398485028        9.4025730516188482     
   14.849241748470460        9.4414799079837675     
   14.990663098455892        9.4794057643505809     
   15.132084448441324        9.5163506207192849     
   15.273505798426756        9.5523144770898796     
   15.414927148412188        9.5872973334623701     
   15.556348498397620        9.6212991898367530     
   15.697769848383052        9.6543200462130301     
   15.839191198368484        9.6863599025911977     
   15.980612548353916        9.7174187589712560     
   16.122033898339350        9.7474966153532083     
   16.263455248324785        9.7765934717370531     
   16.404876598310221        9.8047093281227902     
   16.546297948295656        9.8318441845104214     
   16.687719298281092        9.8579980408999432     
   16.829140648266527        9.8831708972913557     
   16.970561998251963        9.9073627536846622     
   17.111983348237398        9.9305736100798612     
   17.253404698222834        9.9528034664769525     
   17.394826048208269        9.9740523228759379     
   17.536247398193705        9.9943201792768139     
   17.677668748179141        10.013607035679581     
   17.819090098164576        10.031912892084241     
   17.960511448150012        10.049237748490794     
   18.101932798135447        10.065581604899240     
   18.243354148120883        10.080944461309580     
   18.384775498106318        10.095326317721810     
   18.526196848091754        10.108727174135934     
   18.667618198077189        10.121147030551951     
   18.809039548062625        10.132585886969860     
   18.950460898048060        10.143043743389663     
   19.091882248033496        10.152520599811357     
   19.233303598018932        10.161016456234941     
   19.374724948004367        10.168531312660420     
   19.516146297989803        10.175065169087791     
   19.657567647975238        10.180618025517054     
   19.798988997960674        10.185189881948212     
   19.940410347946109        10.188780738381260     
   20.081831697931545        10.191390594816198     
   20.223253047916980        10.193019451253031     
   20.364674397902416        10.193667307691756     
   20.506095747887851        10.193334164132374     
   20.647517097873287        10.192020020574885     
   20.788938447858722        10.189724877019287     
   20.930359797844158        10.186448733465580     
   21.071781147829594        10.182191589913767     
   21.213202497815029        10.176953446363846     
   21.354623847800465        10.170734302815818     
   21.496045197785900        10.163534159269684     
   21.637466547771336        10.155353015725440     
   21.778887897756771        10.146190872183091     
   21.920309247742207        10.136047728642634     
   22.061730597727642        10.124923585104069     
   22.203151947713078        10.112818441567399     
   22.344573297698513        10.099732298032619     
   22.485994647683949        10.085665154499729     
   22.627415997669384        10.070617010968734     
   22.768837347654820        10.054587867439631     
   22.910258697640256        10.037577723912420     
   23.051680047625691        10.019586580387104     
   23.193101397611127        10.000614436863678     
   23.334522747596562        9.9806612933421430     
   23.475944097581998        9.9597271498225020     
   23.617365447567433        9.9378120063047533     
   23.758786797552869        9.9149158627888969     
   23.900208147538304        9.8910387192749347     
   24.041629497523740        9.8661805757628631     
   24.183050847509175        9.8403414322526821     
   24.324472197494611        9.8135212887443952     
   24.465893547480047        9.7857201452380007     
   24.607314897465482        9.7569380017335021     
   24.748736247450918        9.7271748582308941     
   24.890157597436353        9.6964307147301767     
   25.031578947421789        9.6647055712313534     
   25.173000297407224        9.6319994277344225     
   25.314421647392660        9.5983122842393840     
   25.455842997378095        9.5636441407462396     
   25.597264347363531        9.5279949972549858     
   25.738685697348966        9.4913648537656226     
   25.880107047334402        9.4537537102781535     
   26.021528397319837        9.4151615667925768     
   26.162949747305273        9.3755884233088924     
   26.304371097290709        9.3350342798271022     
   26.445792447276144        9.2934991363472026     
   26.587213797261580        9.2509829928691936     
   26.728635147247015        9.2074858493930787     
   26.870056497232451        9.1630077059188562     
   27.011477847217886        9.1175485624465260     
   27.152899197203322        9.0711084189760900     
   27.294320547188757        9.0236872755075446     
   27.435741897174193        8.9752851320408897     
   27.577163247159628        8.9259019885761308     
   27.718584597145064        8.8755378451132643     
   27.860005947130499        8.8241927016522919     
   28.001427297115935        8.7718665581932100     
   28.142848647101371        8.7185594147360188     
   28.284269997086806        8.6642712712807217     
   28.425691347072242        8.6090021278273170     
   28.567112697057677        8.5527519843758046     
   28.708534047043113        8.4955208409261864     
   28.849955397028548        8.4373086974784588     
   28.991376747013984        8.3781155540326218     
   29.132798096999419        8.3179414105886789     
   29.274219446984855        8.2567862671466283     
   29.415640796970290        8.1946501237064702     
   29.557062146955726        8.1315329802682061     
   29.698483496941162        8.0674348368318327     
   29.839904846926597        8.0023556933973499     
   29.981326196912033        7.9362955499647629     
   30.122747546897468        7.8692544065340666     
   30.264168896882904        7.8012322631052635     
   30.405590246868339        7.7322291196783537     
   30.547011596853775        7.6622449762533344     
   30.688432946839210        7.5912798328302085     
   30.829854296824646        7.5193336894089757     
   30.971275646810081        7.4464065459896336     
   31.112696996795517        7.3724984025721847     
   31.254118346780952        7.2976092591566291     
   31.395539696766388        7.2217391157429658     
   31.536961046751824        7.1448879723311940     
   31.678382396737259        7.0670558289213155     
   31.819803746722695        6.9882426855133293     
   31.961225096708130        6.9084485421072346     
   32.102646446693569        6.8276733987030331     
   32.244067796679005        6.7459172553007249     
   32.385489146664440        6.6631801119003082     
   32.526910496649876        6.5794619685017839     
   32.668331846635311        6.4947628251051528     
   32.809753196620747        6.4090826817104150     
   32.951174546606183        6.3224215383175677     
   33.092595896591618        6.2347793949266137     
   33.234017246577054        6.1461562515375530     
   33.375438596562489        6.0565521081503828     
   33.516859946547925        5.9659669647651059     
   33.658281296533360        5.8744008213817223     
   33.799702646518796        5.7818536780002292     
   33.941123996504231        5.6883255346206294     
   34.082545346489667        5.5938163912429228     
   34.223966696475102        5.4983262478671087     
   34.365388046460538        5.4018551044931860     
   34.506809396445973        5.3044029611211565     
   34.648230746431409        5.2059698177510203     
   34.789652096416845        5.1065556743827756     
   34.931073446402280        5.0061605310164232     
   35.072494796387716        4.9047843876519641     
   35.213916146373151        4.8024272442893983     
   35.355337496358587        4.6990891009287230     
   35.496758846344022        4.5947699575699410     
   35.638180196329458        4.4894698142130522     
   35.779601546314893        4.3831886708580541     
   35.921022896300329        4.2759265275049492     
   36.062444246285764        4.1676833841537375     
   36.203865596271200        4.0584592408044164     
   36.345286946256635        3.9482540974569886     
   36.486708296242071        3.8370679541114541     
   36.628129646227507        3.7249008107678114     
   36.769550996212942        3.6117526674260620     
   36.910972346198378        3.4976235240862046     
   37.052393696183813        3.3825133807482390     
   37.193815046169249        3.2664222374121668     
   37.335236396154684        3.1493500940779864     
   37.476657746140120        3.0312969507456988     
   37.618079096125555        2.9122628074153036     
   37.759500446110991        2.7922476640868008     
   37.900921796096426        2.6712515207601908     
   38.042343146081862        2.5492743774354727     
   38.183764496067298        2.4263162341126479     
   38.325185846052733        2.3023770907917149     
   38.466607196038169        2.1774569474726739     
   38.608028546023604        2.0515558041555262     
   38.749449896009040        1.9246736608402710     
   38.890871245994475        1.7968105175269078     
   39.032292595979911        1.6679663742154371     
   39.173713945965346        1.5381412309058591     
   39.315135295950782        1.4073350875981736     
   39.456556645936217        1.2755479442923807     
   39.597977995921653        1.1427798009884798     
   39.739399345907088        1.0090306576864714     
   39.880820695892524       0.87430051438635559     
   40.022242045877960       0.73858937108813227     
   40.163663395863395       0.60189722779180133     
   40.305084745848831       0.46422408449736297     
   40.446506095834266       0.32556994120481708     
   40.587927445819702       0.18593479791416370     
   40.729348795805137       4.53186546254027572E-002
   40.870770145790573      -9.62784886614657248E-002
