   0.0000000000000000        0.0000000000000000     
   1.4142135525378983        1.3651636107952523     
   2.8284271050757965        2.6322272144707299     
   4.2426406576136948        3.8011908110264327     
   5.6568542101515931        4.8720544004623605     
   7.0710677626894913        5.8448179827785127     
   8.4852813152273896        6.7194815579748903     
   9.8994948677652879        7.4960451260514933     
   11.313708420303186        8.1745086870083199     
   12.727921972841084        8.7548722408453710     
   14.142135525378983        9.2371357875626501     
   15.556349077916881        9.6212993271601519     
   16.970562630454776        9.9073628596378800     
   18.384776182992670        10.095326384995833     
   19.798989735530565        10.185189903234010     
   21.213203288068460        10.176953414352413     
   22.627416840606354        10.070616918351039     
   24.041630393144249        9.8661804152298931     
   25.455843945682144        9.5636439049889699     
   26.870057498220039        9.1630073876282729     
   28.284271050757933        8.6642708631478005     
   29.698484603295828        8.0674343315475561     
   31.112698155833723        7.3724977928275344     
   32.526911708371621        6.5794612469877380     
   33.941125260909523        5.6883246940281671     
   35.355338813447425        4.6990881339488215     
   36.769552365985327        3.6117515667496995     
   38.183765918523228        2.4263149924308034     
   39.597979471061130        1.1427784109921320     
   41.012193023599032      -0.23885817756631456     
