   0.0000000000000000        0.0000000000000000     
   2.8284271050757965        2.6322272144707299     
   5.6568542101515931        4.8720544004623605     
   8.4852813152273896        6.7194815579748903     
   11.313708420303186        8.1745086870083217     
   14.142135525378983        9.2371357875626519     
   16.970562630454779        9.9073628596378818     
   19.798989735530576        10.185189903234013     
   22.627416840606372        10.070616918351043     
   25.455843945682169        9.5636439049889734     
   28.284271050757965        8.6642708631478058     
   31.112698155833762        7.3724977928275361     
   33.941125260909551        5.6883246940281662     
   36.769552365985341        3.6117515667496978     
   39.597979471061130        1.1427784109921297     
   42.426406576136920       -1.7185947732445381     
