   0.0000000000000000        0.0000000000000000     
  0.10000000149011612        1.3651636107952523     
  0.20000000298023224        2.6322272144707299     
  0.30000000447034836        3.8011908110264327     
  0.40000000596046448        4.8720544004623605     
  0.50000000745058060        5.8448179827785127     
  0.60000000894069672        6.7194815579748903     
  0.70000001043081284        7.4960451260514933     
  0.80000001192092896        8.1745086870083199     
  0.90000001341104507        8.7548722408453710     
   1.0000000149011612        9.2371357875626501     
   1.1000000163912773        9.6212993271601519     
   1.2000000178813934        9.9073628596378800     
   1.3000000193715096        10.095326384995833     
   1.4000000208616257        10.185189903234010     
   1.5000000223517418        10.176953414352413     
   1.6000000238418579        10.070616918351039     
   1.7000000253319740        9.8661804152298931     
   1.8000000268220901        9.5636439049889699     
   1.9000000283122063        9.1630073876282729     
   2.0000000298023224        8.6642708631478005     
   2.1000000312924385        8.0674343315475561     
   2.2000000327825546        7.3724977928275344     
   2.3000000342726707        6.5794612469877380     
   2.4000000357627869        5.6883246940281671     
   2.5000000372529030        4.6990881339488215     
   2.6000000387430191        3.6117515667496995     
   2.7000000402331352        2.4263149924308034     
   2.8000000417232513        1.1427784109921320     
   2.9000000432133675      -0.23885817756631456     
