   0.0000000000000000        0.0000000000000000     
  9.99999977648258209E-003  0.14093085616810402     
  1.99999995529651642E-002  0.28088071233810047     
  2.99999993294477463E-002  0.41984956850998939     
  3.99999991059303284E-002  0.55783742468377084     
  4.99999988824129105E-002  0.69484428085944461     
  5.99999986588954926E-002  0.83087013703701096     
  6.99999984353780746E-002  0.96591499321646990     
  7.99999982118606567E-002   1.0999788493978211     
  8.99999979883432388E-002   1.2330617055810649     
  9.99999977648258209E-002   1.3651635617662012     
  0.10999999754130840        1.4962844179532300     
  0.11999999731779099        1.6264242741421511     
  0.12999999709427357        1.7555831303329645     
  0.13999999687075615        1.8837609865256706     
  0.14999999664723873        2.0109578427202695     
  0.15999999642372131        2.1371736989167607     
  0.16999999620020390        2.2624085551151438     
  0.17999999597668648        2.3866624113154198     
  0.18999999575316906        2.5099352675175881     
  0.19999999552965164        2.6322271237216488     
  0.20999999530613422        2.7535379799276023     
  0.21999999508261681        2.8738678361354477     
  0.22999999485909939        2.9932166923451864     
  0.23999999463558197        3.1115845485568170     
  0.24999999441206455        3.2289714047703404     
  0.25999999418854713        3.3453772609857562     
  0.26999999396502972        3.4608021172030643     
  0.27999999374151230        3.5752459734222652     
  0.28999999351799488        3.6887088296433581     
  0.29999999329447746        3.8011906858663442     
  0.30999999307096004        3.9126915420912223     
  0.31999999284744263        4.0232113983179927     
  0.32999999262392521        4.1327502545466546     
  0.33999999240040779        4.2413081107772097     
  0.34999999217689037        4.3488849670096581     
  0.35999999195337296        4.4554808232439989     
  0.36999999172985554        4.5610956794802311     
  0.37999999150633812        4.6657295357183566     
  0.38999999128282070        4.7693823919583744     
  0.39999999105930328        4.8720542482002838     
  0.40999999083578587        4.9737451044440864     
  0.41999999061226845        5.0744549606897822     
  0.42999999038875103        5.1741838169373695     
  0.43999999016523361        5.2729316731868492     
  0.44999998994171619        5.3706985294382221     
  0.45999998971819878        5.4674843856914883     
  0.46999998949468136        5.5632892419466451     
  0.47999998927116394        5.6581130982036951     
  0.48999998904764652        5.7519559544626384     
  0.49999998882412910        5.8448178107234723     
  0.50999998860061169        5.9366986669861994     
  0.51999998837709427        6.0275985232508198     
  0.52999998815357685        6.1175173795173308     
  0.53999998793005943        6.2064552357857350     
  0.54999998770654202        6.2944120920560325     
  0.55999998748302460        6.3813879483282223     
  0.56999998725950718        6.4673828046023036     
  0.57999998703598976        6.5523966608782782     
  0.58999998681247234        6.6364295171561460     
  0.59999998658895493        6.7194813734359053     
  0.60999998636543751        6.8015522297175570     
  0.61999998614192009        6.8826420860011019     
  0.62999998591840267        6.9627509422865401     
  0.63999998569488525        7.0418787985738689     
  0.64999998547136784        7.1200256548630909     
  0.65999998524785042        7.1971915111542062     
  0.66999998502433300        7.2733763674472121     
  0.67999998480081558        7.3485802237421112     
  0.68999998457729816        7.4228030800389035     
  0.69999998435378075        7.4960449363375865     
  0.70999998413026333        7.5683057926381627     
  0.71999998390674591        7.6395856489406322     
  0.72999998368322849        7.7098845052449940     
  0.73999998345971107        7.7792023615512473     
  0.74999998323619366        7.8475392178593939     
  0.75999998301267624        7.9148950741694328     
  0.76999998278915882        7.9812699304813632     
  0.77999998256564140        8.0466637867951878     
  0.78999998234212399        8.1110766431109020     
  0.79999998211860657        8.1745084994285104     
  0.80999998189508915        8.2369593557480112     
  0.81999998167157173        8.2984292120694043     
  0.82999998144805431        8.3589180683926916     
  0.83999998122453690        8.4184259247178694     
  0.84999998100101948        8.4769527810449379     
  0.85999998077750206        8.5344986373739005     
  0.86999998055398464        8.5910634937047554     
  0.87999998033046722        8.6466473500375027     
  0.88999998010694981        8.7012502063721442     
  0.89999997988343239        8.7548720627086762     
  0.90999997965991497        8.8075129190471024     
  0.91999997943639755        8.8591727753874210     
  0.92999997921288013        8.9098516317296319     
  0.93999997898936272        8.9595494880737370     
  0.94999997876584530        9.0082663444197326     
  0.95999997854232788        9.0560022007676189     
  0.96999997831881046        9.1027570571173992     
  0.97999997809529305        9.1485309134690720     
  0.98999997787177563        9.1933237698226371     
  0.99999997764825821        9.2371356261780964     
   1.0099999774247408        9.2799664825354462     
   1.0199999772012234        9.3218163388946866     
   1.0299999769777060        9.3626851952558212     
   1.0399999767541885        9.4025730516188482     
   1.0499999765306711        9.4414799079837675     
   1.0599999763071537        9.4794057643505809     
   1.0699999760836363        9.5163506207192849     
   1.0799999758601189        9.5523144770898796     
   1.0899999756366014        9.5872973334623701     
   1.0999999754130840        9.6212991898367530     
   1.1099999751895666        9.6543200462130301     
   1.1199999749660492        9.6863599025911977     
   1.1299999747425318        9.7174187589712560     
   1.1399999745190144        9.7474966153532083     
   1.1499999742954969        9.7765934717370531     
   1.1599999740719795        9.8047093281227902     
   1.1699999738484621        9.8318441845104214     
   1.1799999736249447        9.8579980408999432     
   1.1899999734014273        9.8831708972913557     
   1.1999999731779099        9.9073627536846622     
   1.2099999729543924        9.9305736100798612     
   1.2199999727308750        9.9528034664769525     
   1.2299999725073576        9.9740523228759379     
   1.2399999722838402        9.9943201792768139     
   1.2499999720603228        10.013607035679581     
   1.2599999718368053        10.031912892084241     
   1.2699999716132879        10.049237748490794     
   1.2799999713897705        10.065581604899240     
   1.2899999711662531        10.080944461309580     
   1.2999999709427357        10.095326317721810     
   1.3099999707192183        10.108727174135934     
   1.3199999704957008        10.121147030551951     
   1.3299999702721834        10.132585886969860     
   1.3399999700486660        10.143043743389663     
   1.3499999698251486        10.152520599811357     
   1.3599999696016312        10.161016456234941     
   1.3699999693781137        10.168531312660420     
   1.3799999691545963        10.175065169087791     
   1.3899999689310789        10.180618025517054     
   1.3999999687075615        10.185189881948212     
   1.4099999684840441        10.188780738381260     
   1.4199999682605267        10.191390594816198     
   1.4299999680370092        10.193019451253031     
   1.4399999678134918        10.193667307691756     
   1.4499999675899744        10.193334164132374     
   1.4599999673664570        10.192020020574885     
   1.4699999671429396        10.189724877019287     
   1.4799999669194221        10.186448733465580     
   1.4899999666959047        10.182191589913767     
   1.4999999664723873        10.176953446363846     
   1.5099999662488699        10.170734302815818     
   1.5199999660253525        10.163534159269684     
   1.5299999658018351        10.155353015725440     
   1.5399999655783176        10.146190872183091     
   1.5499999653548002        10.136047728642634     
   1.5599999651312828        10.124923585104069     
   1.5699999649077654        10.112818441567399     
   1.5799999646842480        10.099732298032619     
   1.5899999644607306        10.085665154499729     
   1.5999999642372131        10.070617010968734     
   1.6099999640136957        10.054587867439631     
   1.6199999637901783        10.037577723912420     
   1.6299999635666609        10.019586580387104     
   1.6399999633431435        10.000614436863678     
   1.6499999631196260        9.9806612933421430     
   1.6599999628961086        9.9597271498225020     
   1.6699999626725912        9.9378120063047533     
   1.6799999624490738        9.9149158627888969     
   1.6899999622255564        9.8910387192749347     
   1.6999999620020390        9.8661805757628631     
   1.7099999617785215        9.8403414322526821     
   1.7199999615550041        9.8135212887443952     
   1.7299999613314867        9.7857201452380007     
   1.7399999611079693        9.7569380017335021     
   1.7499999608844519        9.7271748582308941     
   1.7599999606609344        9.6964307147301767     
   1.7699999604374170        9.6647055712313534     
   1.7799999602138996        9.6319994277344225     
   1.7899999599903822        9.5983122842393840     
   1.7999999597668648        9.5636441407462396     
   1.8099999595433474        9.5279949972549858     
   1.8199999593198299        9.4913648537656226     
   1.8299999590963125        9.4537537102781535     
   1.8399999588727951        9.4151615667925768     
   1.8499999586492777        9.3755884233088924     
   1.8599999584257603        9.3350342798271022     
   1.8699999582022429        9.2934991363472026     
   1.8799999579787254        9.2509829928691936     
   1.8899999577552080        9.2074858493930787     
   1.8999999575316906        9.1630077059188562     
   1.9099999573081732        9.1175485624465260     
   1.9199999570846558        9.0711084189760900     
   1.9299999568611383        9.0236872755075446     
   1.9399999566376209        8.9752851320408897     
   1.9499999564141035        8.9259019885761308     
   1.9599999561905861        8.8755378451132643     
   1.9699999559670687        8.8241927016522919     
   1.9799999557435513        8.7718665581932100     
   1.9899999555200338        8.7185594147360188     
   1.9999999552965164        8.6642712712807217     
   2.0099999550729990        8.6090021278273170     
   2.0199999548494816        8.5527519843758046     
   2.0299999546259642        8.4955208409261864     
   2.0399999544024467        8.4373086974784588     
   2.0499999541789293        8.3781155540326218     
   2.0599999539554119        8.3179414105886789     
   2.0699999537318945        8.2567862671466283     
   2.0799999535083771        8.1946501237064702     
   2.0899999532848597        8.1315329802682061     
   2.0999999530613422        8.0674348368318327     
   2.1099999528378248        8.0023556933973499     
   2.1199999526143074        7.9362955499647629     
   2.1299999523907900        7.8692544065340666     
   2.1399999521672726        7.8012322631052635     
   2.1499999519437551        7.7322291196783537     
   2.1599999517202377        7.6622449762533344     
   2.1699999514967203        7.5912798328302085     
   2.1799999512732029        7.5193336894089757     
   2.1899999510496855        7.4464065459896336     
   2.1999999508261681        7.3724984025721847     
   2.2099999506026506        7.2976092591566291     
   2.2199999503791332        7.2217391157429658     
   2.2299999501556158        7.1448879723311940     
   2.2399999499320984        7.0670558289213155     
   2.2499999497085810        6.9882426855133293     
   2.2599999494850636        6.9084485421072346     
   2.2699999492615461        6.8276733987030331     
   2.2799999490380287        6.7459172553007249     
   2.2899999488145113        6.6631801119003082     
   2.2999999485909939        6.5794619685017839     
   2.3099999483674765        6.4947628251051528     
   2.3199999481439590        6.4090826817104150     
   2.3299999479204416        6.3224215383175677     
   2.3399999476969242        6.2347793949266137     
   2.3499999474734068        6.1461562515375530     
   2.3599999472498894        6.0565521081503828     
   2.3699999470263720        5.9659669647651059     
   2.3799999468028545        5.8744008213817223     
   2.3899999465793371        5.7818536780002292     
   2.3999999463558197        5.6883255346206294     
   2.4099999461323023        5.5938163912429228     
   2.4199999459087849        5.4983262478671087     
   2.4299999456852674        5.4018551044931860     
   2.4399999454617500        5.3044029611211565     
   2.4499999452382326        5.2059698177510203     
   2.4599999450147152        5.1065556743827756     
   2.4699999447911978        5.0061605310164232     
   2.4799999445676804        4.9047843876519641     
   2.4899999443441629        4.8024272442893983     
   2.4999999441206455        4.6990891009287230     
   2.5099999438971281        4.5947699575699410     
   2.5199999436736107        4.4894698142130522     
   2.5299999434500933        4.3831886708580541     
   2.5399999432265759        4.2759265275049492     
   2.5499999430030584        4.1676833841537375     
   2.5599999427795410        4.0584592408044164     
   2.5699999425560236        3.9482540974569886     
   2.5799999423325062        3.8370679541114541     
   2.5899999421089888        3.7249008107678114     
   2.5999999418854713        3.6117526674260620     
   2.6099999416619539        3.4976235240862046     
   2.6199999414384365        3.3825133807482390     
   2.6299999412149191        3.2664222374121668     
   2.6399999409914017        3.1493500940779864     
   2.6499999407678843        3.0312969507456988     
   2.6599999405443668        2.9122628074153036     
   2.6699999403208494        2.7922476640868008     
   2.6799999400973320        2.6712515207601908     
   2.6899999398738146        2.5492743774354727     
   2.6999999396502972        2.4263162341126479     
   2.7099999394267797        2.3023770907917149     
   2.7199999392032623        2.1774569474726739     
   2.7299999389797449        2.0515558041555262     
   2.7399999387562275        1.9246736608402710     
   2.7499999385327101        1.7968105175269078     
   2.7599999383091927        1.6679663742154371     
   2.7699999380856752        1.5381412309058591     
   2.7799999378621578        1.4073350875981736     
   2.7899999376386404        1.2755479442923807     
   2.7999999374151230        1.1427798009884798     
   2.8099999371916056        1.0090306576864714     
   2.8199999369680882       0.87430051438635559     
   2.8299999367445707       0.73858937108813227     
   2.8399999365210533       0.60189722779180133     
   2.8499999362975359       0.46422408449736297     
   2.8599999360740185       0.32556994120481708     
   2.8699999358505011       0.18593479791416370     
   2.8799999356269836       4.53186546254027572E-002
   2.8899999354034662      -9.62784886614657248E-002
