   0.0000000000000000        0.0000000000000000     
  0.20000000298023224        2.6322272144707299     
  0.40000000596046448        4.8720544004623605     
  0.60000000894069672        6.7194815579748903     
  0.80000001192092896        8.1745086870083217     
   1.0000000149011612        9.2371357875626519     
   1.2000000178813934        9.9073628596378818     
   1.4000000208616257        10.185189903234013     
   1.6000000238418579        10.070616918351043     
   1.8000000268220901        9.5636439049889734     
   2.0000000298023224        8.6642708631478058     
   2.2000000327825546        7.3724977928275361     
   2.4000000357627869        5.6883246940281662     
   2.6000000387430191        3.6117515667496978     
   2.8000000417232513        1.1427784109921297     
   3.0000000447034836       -1.7185947732445381     
