   0.0000000000000000        0.0000000000000000     
   1.4142135525378983        1.3651636107952523     
   2.8284271050757965        2.6322272144707295     
   4.2426406576136948        3.8011908110264327     
   5.6568542101515931        4.8720544004623596     
   7.0710677626894904        5.8448179827785127     
   8.4852813152273896        6.7194815579748903     
   9.8994948677652879        7.4960451260514924     
   11.313708420303186        8.1745086870083199     
   12.727921972841083        8.7548722408453727     
   14.142135525378981        9.2371357875626501     
   15.556349077916879        9.6212993271601537     
   16.970562630454779        9.9073628596378818     
   18.384776182992677        10.095326384995833     
   19.798989735530576        10.185189903234011     
   21.213203288068474        10.176953414352413     
   22.627416840606372        10.070616918351041     
   24.041630393144271        9.8661804152298966     
   25.455843945682165        9.5636439049889717     
   26.870057498220064        9.1630073876282765     
   28.284271050757962        8.6642708631478058     
   29.698484603295860        8.0674343315475561     
   31.112698155833758        7.3724977928275379     
   32.526911708371657        6.5794612469877372     
   33.941125260909558        5.6883246940281680     
   35.355338813447453        4.6990881339488162     
   36.769552365985355        3.6117515667496960     
   38.183765918523250        2.4263149924308038     
   39.597979471061151        1.1427784109921291     
