   0.0000000000000000        0.0000000000000000     
  0.14142134998543388       0.14093085616810402     
  0.28284269997086775       0.28088071233810052     
  0.42426404995630163       0.41984956850998945     
  0.56568539994173550       0.55783742468377084     
  0.70710674992716938       0.69484428085944461     
  0.84852809991260325       0.83087013703701085     
  0.98994944989803713       0.96591499321646956     
   1.1313707998834710        1.0999788493978209     
   1.2727921498689048        1.2330617055810644     
   1.4142134998543388        1.3651635617662006     
   1.5556348498397725        1.4962844179532291     
   1.6970561998252065        1.6264242741421500     
   1.8384775498106403        1.7555831303329634     
   1.9798988997960743        1.8837609865256693     
   2.1213202497815082        2.0109578427202677     
   2.2627415997669420        2.1371736989167585     
   2.4041629497523758        2.2624085551151416     
   2.5455842997378095        2.3866624113154171     
   2.6870056497232433        2.5099352675175854     
   2.8284269997086775        2.6322271237216461     
   2.9698483496941113        2.7535379799275987     
   3.1112696996795450        2.8738678361354442     
   3.2526910496649788        2.9932166923451824     
   3.3941123996504130        3.1115845485568125     
   3.5355337496358468        3.2289714047703355     
   3.6769550996212805        3.3453772609857504     
   3.8183764496067143        3.4608021172030581     
   3.9597977995921485        3.5752459734222586     
   4.1012191495775818        3.6887088296433510     
   4.2426404995630165        3.8011906858663362     
   4.3840618495484502        3.9126915420912134     
   4.5254831995338840        4.0232113983179838     
   4.6669045495193178        4.1327502545466457     
   4.8083258995047515        4.2413081107772008     
   4.9497472494901853        4.3488849670096474     
   5.0911685994756191        4.4554808232439882     
   5.2325899494610528        4.5610956794802195     
   5.3740112994464866        4.6657295357183450     
   5.5154326494319212        4.7693823919583611     
   5.6568539994173550        4.8720542482002713     
   5.7982753494027888        4.9737451044440730     
   5.9396966993882225        5.0744549606897680     
   6.0811180493736563        5.1741838169373544     
   6.2225393993590901        5.2729316731868341     
   6.3639607493445238        5.3706985294382052     
   6.5053820993299576        5.4674843856914697     
   6.6468034493153914        5.5632892419466273     
   6.7882247993008260        5.6581130982036756     
   6.9296461492862598        5.7519559544626180     
   7.0710674992716935        5.8448178107234519     
   7.2124888492571273        5.9366986669861781     
   7.3539101992425611        6.0275985232507967     
   7.4953315492279948        6.1175173795173086     
   7.6367528992134286        6.2064552357857119     
   7.7781742491988624        6.2944120920560085     
   7.9195955991842970        6.3813879483281966     
   8.0610169491697299        6.4673828046022779     
   8.2024382991551636        6.5523966608782516     
   8.3438596491405974        6.6364295171561167     
   8.4852809991260330        6.7194813734358769     
   8.6267023491114667        6.8015522297175277     
   8.7681236990969005        6.8826420860010700     
   8.9095450490823342        6.9627509422865055     
   9.0509663990677680        7.0418787985738351     
   9.1923877490532018        7.1200256548630554     
   9.3338090990386355        7.1971915111541680     
   9.4752304490240693        7.2733763674471739     
   9.6166517990095031        7.3485802237420730     
   9.7580731489949368        7.4228030800388627     
   9.8994944989803706        7.4960449363375456     
   10.040915848965804        7.5683057926381228     
   10.182337198951238        7.6395856489405904     
   10.323758548936672        7.7098845052449496     
   10.465179898922106        7.7792023615512020     
   10.606601248907539        7.8475392178593477     
   10.748022598892973        7.9148950741693866     
   10.889443948878407        7.9812699304813153     
   11.030865298863842        8.0466637867951381     
   11.172286648849276        8.1110766431108541     
   11.313707998834710        8.1745084994284607     
   11.455129348820144        8.2369593557479597     
   11.596550698805578        8.2984292120693528     
   11.737972048791011        8.3589180683926383     
   11.879393398776445        8.4184259247178161     
   12.020814748761879        8.4769527810448846     
   12.162236098747313        8.5344986373738472     
   12.303657448732746        8.5910634937047021     
   12.445078798718180        8.6466473500374494     
   12.586500148703614        8.7012502063720873     
   12.727921498689048        8.7548720627086194     
   12.869342848674481        8.8075129190470456     
   13.010764198659915        8.8591727753873606     
   13.152185548645349        8.9098516317295697     
   13.293606898630783        8.9595494880736730     
   13.435028248616218        9.0082663444196669     
   13.576449598601652        9.0560022007675531     
   13.717870948587086        9.1027570571173317     
   13.859292298572520        9.1485309134690063     
   14.000713648557953        9.1933237698225696     
   14.142134998543387        9.2371356261780253     
   14.283556348528821        9.2799664825353716     
   14.424977698514255        9.3218163388946156     
   14.566399048499688        9.3626851952557502     
   14.707820398485122        9.4025730516187753     
   14.849241748470556        9.4414799079836929     
   14.990663098455990        9.4794057643505063     
   15.132084448441423        9.5163506207192086     
   15.273505798426857        9.5523144770898050     
   15.414927148412291        9.5872973334622920     
   15.556348498397725        9.6212991898366731     
   15.697769848383158        9.6543200462129484     
   15.839191198368594        9.6863599025911142     
   15.980612548354028        9.7174187589711707     
   16.122033898339460        9.7474966153531213     
   16.263455248324895        9.7765934717369660     
   16.404876598310327        9.8047093281227014     
   16.546297948295763        9.8318441845103290     
   16.687719298281195        9.8579980408998473     
   16.829140648266630        9.8831708972912651     
   16.970561998252066        9.9073627536845699     
   17.111983348237498        9.9305736100797670     
   17.253404698222933        9.9528034664768565     
   17.394826048208365        9.9740523228758384     
   17.536247398193801        9.9943201792767145     
   17.677668748179233        10.013607035679481     
   17.819090098164668        10.031912892084140     
   17.960511448150100        10.049237748490697     
   18.101932798135536        10.065581604899140     
   18.243354148120968        10.080944461309478     
   18.384775498106404        10.095326317721707     
   18.526196848091836        10.108727174135829     
   18.667618198077271        10.121147030551844     
   18.809039548062703        10.132585886969750     
   18.950460898048139        10.143043743389550     
   19.091882248033571        10.152520599811245     
   19.233303598019006        10.161016456234830     
   19.374724948004442        10.168531312660306     
   19.516146297989874        10.175065169087675     
   19.657567647975309        10.180618025516937     
   19.798988997960741        10.185189881948091     
   19.940410347946177        10.188780738381137     
   20.081831697931609        10.191390594816079     
   20.223253047917044        10.193019451252910     
   20.364674397902476        10.193667307691635     
   20.506095747887912        10.193334164132251     
   20.647517097873344        10.192020020574759     
   20.788938447858779        10.189724877019160     
   20.930359797844211        10.186448733465454     
   21.071781147829647        10.182191589913641     
   21.213202497815079        10.176953446363720     
   21.354623847800514        10.170734302815694     
   21.496045197785946        10.163534159269558     
   21.637466547771382        10.155353015725312     
   21.778887897756814        10.146190872182959     
   21.920309247742249        10.136047728642502     
   22.061730597727685        10.124923585103934     
   22.203151947713117        10.112818441567260     
   22.344573297698552        10.099732298032480     
   22.485994647683984        10.085665154499591     
   22.627415997669420        10.070617010968595     
   22.768837347654852        10.054587867439489     
   22.910258697640288        10.037577723912277     
   23.051680047625720        10.019586580386958     
   23.193101397611155        10.000614436863531     
   23.334522747596587        9.9806612933420009     
   23.475944097582023        9.9597271498223581     
   23.617365447567455        9.9378120063046076     
   23.758786797552890        9.9149158627887513     
   23.900208147538322        9.8910387192747855     
   24.041629497523758        9.8661805757627103     
   24.183050847509190        9.8403414322525329     
   24.324472197494625        9.8135212887442442     
   24.465893547480061        9.7857201452378515     
   24.607314897465493        9.7569380017333511     
   24.748736247450928        9.7271748582307413     
   24.890157597436360        9.6964307147300222     
   25.031578947421796        9.6647055712311953     
   25.173000297407228        9.6319994277342644     
   25.314421647392663        9.5983122842392223     
   25.455842997378095        9.5636441407460744     
   25.597264347363531        9.5279949972548224     
   25.738685697348963        9.4913648537654574     
   25.880107047334398        9.4537537102779901     
   26.021528397319830        9.4151615667924098     
   26.162949747305266        9.3755884233087237     
   26.304371097290698        9.3350342798269317     
   26.445792447276133        9.2934991363470303     
   26.587213797261565        9.2509829928690266     
   26.728635147247001        9.2074858493929099     
   26.870056497232436        9.1630077059186839     
   27.011477847217868        9.1175485624463555     
   27.152899197203304        9.0711084189759141     
   27.294320547188736        9.0236872755073705     
   27.435741897174172        8.9752851320407139     
   27.577163247159604        8.9259019885759550     
   27.718584597145039        8.8755378451130902     
   27.860005947130471        8.8241927016521124     
   28.001427297115907        8.7718665581930289     
   28.142848647101339        8.7185594147358358     
   28.284269997086774        8.6642712712805405     
   28.425691347072206        8.6090021278271323     
   28.567112697057642        8.5527519843756146     
   28.708534047043074        8.4955208409259981     
   28.849955397028509        8.4373086974782687     
   28.991376747013941        8.3781155540324335     
   29.132798096999377        8.3179414105884888     
   29.274219446984812        8.2567862671464383     
   29.415640796970244        8.1946501237062783     
   29.557062146955680        8.1315329802680090     
   29.698483496941112        8.0674348368316338     
   29.839904846926547        8.0023556933971527     
   29.981326196911979        7.9362955499645658     
   30.122747546897415        7.8692544065338659     
   30.264168896882847        7.8012322631050672     
   30.405590246868282        7.7322291196781521     
   30.547011596853714        7.6622449762531346     
   30.688432946839150        7.5912798328300042     
   30.829854296824582        7.5193336894087714     
   30.971275646810017        7.4464065459894293     
   31.112696996795449        7.3724984025719777     
   31.254118346780885        7.2976092591564203     
   31.395539696766317        7.2217391157427571     
   31.536961046751752        7.1448879723309879     
   31.678382396737188        7.0670558289211058     
   31.819803746722620        6.9882426855131143     
   31.961225096708056        6.9084485421070205     
   32.102646446693491        6.8276733987028209     
   32.244067796678920        6.7459172553005082     
   32.385489146664355        6.6631801119000933     
   32.526910496649791        6.5794619685015689     
   32.668331846635226        6.4947628251049352     
   32.809753196620655        6.4090826817101956     
   32.951174546606090        6.3224215383173430     
   33.092595896591526        6.2347793949263917     
   33.234017246576961        6.1461562515373274     
   33.375438596562390        6.0565521081501537     
   33.516859946547825        5.9659669647648776     
   33.658281296533261        5.8744008213814958     
   33.799702646518696        5.7818536780000045     
   33.941123996504132        5.6883255346204038     
   34.082545346489560        5.5938163912426937     
   34.223966696474996        5.4983262478668777     
   34.365388046460431        5.4018551044929524     
   34.506809396445867        5.3044029611209211     
   34.648230746431295        5.2059698177507840     
   34.789652096416731        5.1065556743825375     
   34.931073446402166        5.0061605310161816     
   35.072494796387602        4.9047843876517234     
   35.213916146373030        4.8024272442891522     
   35.355337496358466        4.6990891009284752     
   35.496758846343901        4.5947699575696923     
   35.638180196329337        4.4894698142127965     
   35.779601546314765        4.3831886708577983     
   35.921022896300201        4.2759265275047014     
   36.062444246285636        4.1676833841534879     
   36.203865596271072        4.0584592408041615     
   36.345286946256508        3.9482540974567328     
   36.486708296241936        3.8370679541111983     
   36.628129646227372        3.7249008107675508     
   36.769550996212807        3.6117526674257974     
   36.910972346198243        3.4976235240859452     
   37.052393696183671        3.3825133807479730     
   37.193815046169107        3.2664222374118950     
   37.335236396154542        3.1493500940777182     
   37.476657746139978        3.0312969507454284     
   37.618079096125406        2.9122628074150256     
   37.759500446110842        2.7922476640865241     
   37.900921796096277        2.6712515207599097     
   38.042343146081713        2.5492743774351965     
   38.183764496067141        2.4263162341123703     
   38.325185846052577        2.3023770907914383     
   38.466607196038012        2.1774569474723933     
   38.608028546023448        2.0515558041552424     
   38.749449896008883        1.9246736608399857     
   38.890871245994312        1.7968105175266231     
   39.032292595979747        1.6679663742151476     
   39.173713945965183        1.5381412309055662     
   39.315135295950618        1.4073350875978790     
   39.456556645936047        1.2755479442920787     
   39.597977995921482        1.1427798009881798     
   39.739399345906918        1.0090306576861678     
   39.880820695892353       0.87430051438605005     
   40.022242045877782       0.73858937108782641     
   40.163663395863217       0.60189722779149690     
   40.305084745848653       0.46422408449705443     
   40.446506095834089       0.32556994120450611     
   40.587927445819517       0.18593479791385903     
   40.729348795804952       4.53186546250918809E-002
