   0.0000000000000000        0.0000000000000000     
   2.8284271050757965        2.6322272144707295     
   5.6568542101515931        4.8720544004623596     
   8.4852813152273896        6.7194815579748903     
   11.313708420303186        8.1745086870083199     
   14.142135525378981        9.2371357875626501     
   16.970562630454779        9.9073628596378818     
   19.798989735530576        10.185189903234011     
   22.627416840606372        10.070616918351041     
   25.455843945682165        9.5636439049889717     
   28.284271050757962        8.6642708631478058     
   31.112698155833758        7.3724977928275379     
   33.941125260909558        5.6883246940281680     
   36.769552365985355        3.6117515667496960     
   39.597979471061151        1.1427784109921291     
