   0.0000000       0.0000000    
  0.10000000       1.4142137    
  0.20000000       2.7303274    
  0.30000001       3.9483409    
  0.40000001       5.0682545    
  0.50000000       6.0900683    
  0.60000002       7.0137820    
  0.69999999       7.8393955    
  0.80000001       8.5669088    
  0.90000004       9.1963224    
   1.0000000       9.7276363    
   1.1000000       10.160851    
   1.2000000       10.495964    
   1.3000001       10.732978    
   1.4000000       10.871892    
   1.5000000       10.912705    
   1.6000000       10.855419    
   1.7000000       10.700033    
   1.8000001       10.446547    
   1.9000000       10.094960    
   2.0000000       9.6452742    
   2.1000001       9.0974874    
   2.2000000       8.4516010    
   2.3000000       7.7076149    
   2.4000001       6.8655286    
   2.5000000       5.9253421    
   2.6000001       4.8870559    
   2.7000000       3.7506695    
   2.8000000       2.5161831    
   2.9000001       1.1835968    
   3.0000000     -0.24708951    
