   0.0000000       0.0000000    
  9.99999978E-03  0.14142136    
  1.99999996E-02  0.28186172    
  2.99999993E-02  0.42132109    
  3.99999991E-02  0.55979943    
  4.99999970E-02  0.69729680    
  5.99999987E-02  0.83381319    
  7.00000003E-02  0.96934855    
  7.99999982E-02   1.1039029    
  8.99999961E-02   1.2374763    
  9.99999940E-02   1.3700688    
  0.11000000       1.5016801    
  0.12000000       1.6323105    
  0.13000000       1.7619599    
  0.14000000       1.8906283    
  0.14999999       2.0183158    
  0.16000000       2.1450222    
  0.17000000       2.2707477    
  0.17999999       2.3954921    
  0.19000000       2.5192554    
  0.19999999       2.6420379    
  0.20999999       2.7638392    
  0.22000000       2.8846598    
  0.22999999       3.0044992    
  0.23999999       3.1233575    
  0.25000000       3.2412350    
  0.25999999       3.3581314    
  0.26999998       3.4740469    
  0.28000000       3.5889814    
  0.28999999       3.7029347    
  0.29999998       3.8159072    
  0.31000000       3.9278986    
  0.31999999       4.0389090    
  0.32999998       4.1489382    
  0.34000000       4.2579865    
  0.34999999       4.3660541    
  0.35999998       4.4731407    
  0.37000000       4.5792460    
  0.38000000       4.6843705    
  0.38999999       4.7885141    
  0.39999998       4.8916764    
  0.41000000       4.9938579    
  0.41999999       5.0950584    
  0.42999998       5.1952782    
  0.44000000       5.2945166    
  0.44999999       5.3927741    
  0.45999998       5.4900508    
  0.47000000       5.5863461    
  0.47999999       5.6816607    
  0.48999998       5.7759943    
  0.50000000       5.8693466    
  0.50999999       5.9617181    
  0.51999998       6.0531087    
  0.52999997       6.1435184    
  0.53999996       6.2329469    
  0.55000001       6.3213944    
  0.56000000       6.4088612    
  0.56999999       6.4953465    
  0.57999998       6.5808511    
  0.58999997       6.6653748    
  0.59999996       6.7489171    
  0.61000001       6.8314786    
  0.62000000       6.9130592    
  0.63000000       6.9936590    
  0.63999999       7.0732775    
  0.64999998       7.1519151    
  0.65999997       7.2295718    
  0.66999996       7.3062472    
  0.68000001       7.3819418    
  0.69000000       7.4566555    
  0.69999999       7.5303879    
  0.70999998       7.6031394    
  0.71999997       7.6749101    
  0.72999996       7.7456994    
  0.74000001       7.8155079    
  0.75000000       7.8843355    
  0.75999999       7.9521818    
  0.76999998       8.0190477    
  0.77999997       8.0849323    
  0.78999996       8.1498356    
  0.79999995       8.2137585    
  0.81000000       8.2767000    
  0.81999999       8.3386602    
  0.82999998       8.3996401    
  0.83999997       8.4596386    
  0.84999996       8.5186558    
  0.85999995       8.5766926    
  0.87000000       8.6337481    
  0.88000000       8.6898222    
  0.88999999       8.7449160    
  0.89999998       8.7990284    
  0.90999997       8.8521595    
  0.91999996       8.9043102    
  0.93000001       8.9554796    
  0.94000000       9.0056677    
  0.94999999       9.0548754    
  0.95999998       9.1031017    
  0.96999997       9.1503468    
  0.97999996       9.1966114    
  0.98999995       9.2418947    
   1.0000000       9.2861977    
   1.0100000       9.3295193    
   1.0200000       9.3718596    
   1.0300000       9.4132195    
   1.0400000       9.4535980    
   1.0500000       9.4929953    
   1.0599999       9.5314121    
   1.0699999       9.5688477    
   1.0799999       9.6053019    
   1.0900000       9.6407757    
   1.1000000       9.6752682    
   1.1100000       9.7087793    
   1.1200000       9.7413101    
   1.1300000       9.7728596    
   1.1400000       9.8034277    
   1.1500000       9.8330154    
   1.1600000       9.8616219    
   1.1700000       9.8892469    
   1.1799999       9.9158916    
   1.1899999       9.9415550    
   1.1999999       9.9662371    
   1.2099999       9.9899387    
   1.2200000       10.012659    
   1.2300000       10.034398    
   1.2400000       10.055157    
   1.2500000       10.074934    
   1.2600000       10.093731    
   1.2700000       10.111547    
   1.2800000       10.128381    
   1.2900000       10.144235    
   1.3000000       10.159107    
   1.3099999       10.172998    
   1.3199999       10.185909    
   1.3299999       10.197839    
   1.3399999       10.208787    
   1.3500000       10.218755    
   1.3600000       10.227741    
   1.3700000       10.235746    
   1.3800000       10.242771    
   1.3900000       10.248815    
   1.4000000       10.253877    
   1.4100000       10.257958    
   1.4200000       10.261059    
   1.4299999       10.263178    
   1.4399999       10.264317    
   1.4499999       10.264474    
   1.4599999       10.263650    
   1.4699999       10.261846    
   1.4800000       10.259060    
   1.4900000       10.255294    
   1.5000000       10.250546    
   1.5100000       10.244818    
   1.5200000       10.238109    
   1.5300000       10.230418    
   1.5400000       10.221746    
   1.5500000       10.212094    
   1.5599999       10.201461    
   1.5699999       10.189846    
   1.5799999       10.177251    
   1.5899999       10.163674    
   1.5999999       10.149117    
   1.6100000       10.133578    
   1.6200000       10.117059    
   1.6300000       10.099558    
   1.6400000       10.081077    
   1.6500000       10.061614    
   1.6600000       10.041170    
   1.6700000       10.019746    
   1.6799999       9.9973402    
   1.6899999       9.9739532    
   1.6999999       9.9495859    
   1.7099999       9.9242373    
   1.7199999       9.8979082    
   1.7300000       9.8705978    
   1.7400000       9.8423061    
   1.7500000       9.8130341    
   1.7600000       9.7827806    
   1.7700000       9.7515459    
   1.7800000       9.7193308    
   1.7900000       9.6861343    
   1.8000000       9.6519566    
   1.8099999       9.6167984    
   1.8199999       9.5806589    
   1.8299999       9.5435381    
   1.8399999       9.5054369    
   1.8499999       9.4663544    
   1.8600000       9.4262905    
   1.8700000       9.3852463    
   1.8800000       9.3432207    
   1.8900000       9.3002138    
   1.9000000       9.2562265    
   1.9100000       9.2112579    
   1.9200000       9.1653080    
   1.9299999       9.1183777    
   1.9399999       9.0704660    
   1.9499999       9.0215731    
   1.9599999       8.9716997    
   1.9699999       8.9208450    
   1.9799999       8.8690100    
   1.9900000       8.8161936    
   2.0000000       8.7623959    
   2.0100000       8.7076178    
   2.0200000       8.6518583    
   2.0300000       8.5951176    
   2.0400000       8.5373964    
   2.0500000       8.4786940    
   2.0599999       8.4190102    
   2.0699999       8.3583460    
   2.0799999       8.2967005    
   2.0899999       8.2340736    
   2.0999999       8.1704664    
   2.1099999       8.1058779    
   2.1199999       8.0403080    
   2.1299999       7.9737573    
   2.1399999       7.9062257    
   2.1499999       7.8377132    
   2.1599998       7.7682195    
   2.1699998       7.6977448    
   2.1800001       7.6262894    
   2.1900001       7.5538530    
   2.2000000       7.4804354    
   2.2100000       7.4060369    
   2.2200000       7.3306575    
   2.2300000       7.2542968    
   2.2400000       7.1769552    
   2.2500000       7.0986328    
   2.2600000       7.0193291    
   2.2700000       6.9390445    
   2.2800000       6.8577790    
   2.2900000       6.7755322    
   2.3000000       6.6923046    
   2.3099999       6.6080961    
   2.3199999       6.5229068    
   2.3299999       6.4367361    
   2.3399999       6.3495846    
   2.3499999       6.2614522    
   2.3599999       6.1723385    
   2.3699999       6.0822439    
   2.3799999       5.9911685    
   2.3899999       5.8991117    
   2.3999999       5.8060741    
   2.4099998       5.7120557    
   2.4199998       5.6170564    
   2.4299998       5.5210757    
   2.4400001       5.4241142    
   2.4500000       5.3261719    
   2.4600000       5.2272482    
   2.4700000       5.1273437    
   2.4800000       5.0264583    
   2.4900000       4.9245915    
   2.5000000       4.8217440    
   2.5100000       4.7179155    
   2.5200000       4.6131063    
   2.5300000       4.5073156    
   2.5400000       4.4005442    
   2.5500000       4.2927918    
   2.5599999       4.1840582    
   2.5699999       4.0743437    
   2.5799999       3.9636483    
   2.5899999       3.8519719    
   2.5999999       3.7393143    
   2.6099999       3.6256759    
   2.6199999       3.5110564    
   2.6299999       3.3954558    
   2.6399999       3.2788744    
   2.6499999       3.1613119    
   2.6599998       3.0427685    
   2.6699998       2.9232440    
   2.6799998       2.8027387    
   2.6900001       2.6812522    
   2.7000000       2.5587847    
   2.7100000       2.4353364    
   2.7200000       2.3109069    
   2.7300000       2.1854963    
   2.7400000       2.0591049    
   2.7500000       1.9317325    
   2.7600000       1.8033791    
   2.7700000       1.6740446    
   2.7800000       1.5437292    
   2.7900000       1.4124328    
   2.8000000       1.2801554    
   2.8099999       1.1468970    
   2.8199999       1.0126575    
   2.8299999      0.87743711    
   2.8399999      0.74123573    
   2.8499999      0.60405332    
   2.8599999      0.46588993    
   2.8699999      0.32674551    
   2.8799999      0.18662012    
   2.8899999      4.55137193E-02
   2.8999999     -9.65736657E-02
   2.9099998     -0.23964205    
