   0.0000000       20.000000    
  1.99999996E-02   19.998037    
  3.99999991E-02   19.992151    
  5.99999987E-02   19.982342    
  7.99999982E-02   19.968609    
  9.99999940E-02   19.950951    
  0.12000000       19.929367    
  0.14000000       19.903862    
  0.16000000       19.874432    
  0.17999999       19.841078    
  0.19999999       19.803801    
  0.22000000       19.762598    
  0.23999999       19.717472    
  0.25999999       19.668423    
  0.28000000       19.615448    
  0.29999998       19.558550    
  0.31999999       19.497728    
  0.34000000       19.432981    
  0.35999998       19.364311    
  0.38000000       19.291718    
  0.39999998       19.215200    
  0.41999999       19.134758    
  0.44000000       19.050392    
  0.45999998       18.962103    
  0.47999999       18.869888    
  0.50000000       18.773750    
  0.51999998       18.673689    
  0.53999996       18.569702    
  0.56000000       18.461792    
  0.57999998       18.349958    
  0.59999996       18.234200    
  0.62000000       18.114517    
  0.63999999       17.990911    
  0.65999997       17.863382    
  0.68000001       17.731928    
  0.69999999       17.596550    
  0.71999997       17.457249    
  0.74000001       17.314022    
  0.75999999       17.166872    
  0.77999997       17.015799    
  0.79999995       16.860800    
  0.81999999       16.701878    
  0.83999997       16.539032    
  0.85999995       16.372263    
  0.88000000       16.201569    
  0.89999998       16.026951    
  0.91999996       15.848408    
  0.94000000       15.665941    
  0.95999998       15.479551    
  0.97999996       15.289238    
   1.0000000       15.094999    
   1.0200000       14.896838    
   1.0400000       14.694752    
   1.0599999       14.488743    
   1.0799999       14.278809    
   1.1000000       14.064949    
   1.1200000       13.847168    
   1.1400000       13.625462    
   1.1600000       13.399832    
   1.1799999       13.170279    
   1.1999999       12.936800    
   1.2200000       12.699397    
   1.2400000       12.458072    
   1.2600000       12.212822    
   1.2800000       11.963648    
   1.3000000       11.710550    
   1.3199999       11.453528    
   1.3399999       11.192582    
   1.3600000       10.927711    
   1.3800000       10.658917    
   1.4000000       10.386200    
   1.4200000       10.109558    
   1.4399999       9.8289928    
   1.4599999       9.5445032    
   1.4800000       9.2560873    
   1.5000000       8.9637499    
   1.5200000       8.6674871    
   1.5400000       8.3673019    
   1.5599999       8.0631933    
   1.5799999       7.7551594    
   1.5999999       7.4432011    
   1.6200000       7.1273184    
   1.6400000       6.8075113    
   1.6600000       6.4837818    
   1.6799999       6.1561279    
   1.6999999       5.8245497    
   1.7199999       5.4890490    
   1.7400000       5.1496210    
   1.7600000       4.8062716    
   1.7800000       4.4589987    
   1.8000000       4.1078005    
   1.8199999       3.7526779    
   1.8399999       3.3936329    
   1.8600000       3.0306606    
   1.8800000       2.6637669    
   1.9000000       2.2929497    
   1.9200000       1.9182072    
   1.9399999       1.5395412    
   1.9599999       1.1569519    
   1.9799999      0.77043915    
   2.0000000      0.37999916    
