   0.0000000       0.0000000    
  0.10000000       1.3651636    
  0.20000000       2.6322274    
  0.30000001       3.8011913    
  0.40000001       4.8720555    
  0.50000000       5.8448191    
  0.60000002       6.7194839    
  0.69999999       7.4960485    
  0.80000001       8.1745129    
  0.90000004       8.7548771    
   1.0000000       9.2371426    
   1.1000000       9.6213064    
   1.2000000       9.9073706    
   1.3000001       10.095334    
   1.4000000       10.185199    
   1.5000000       10.176963    
   1.6000000       10.070627    
   1.7000000       9.8661900    
   1.8000001       9.5636539    
   1.9000000       9.1630192    
   2.0000000       8.6642828    
   2.1000001       8.0674467    
   2.2000000       7.3725114    
   2.3000000       6.5794759    
   2.4000001       5.6883402    
   2.5000000       4.6991043    
   2.6000001       3.6117687    
   2.7000000       2.4263332    
   2.8000000       1.1427977    
   2.9000001     -0.23883760    
