  0.20000000298023224      -3.77538469263914751E-011
  0.40000000596046448      -1.51015387705565900E-010
  0.60000000894069672      -3.39784622337523276E-010
  0.80000001192092896      -6.04061550822263601E-010
   1.0000000149011612      -9.43846173159786825E-010
   1.2000000178813934      -1.35913848935009290E-009
   1.4000000208616257      -1.84993849939318202E-009
   1.6000000238418579      -2.41624620328905399E-009
   1.8000000268220901      -3.05806160103770860E-009
   2.0000000298023224      -3.77538469263914647E-009
   2.2000000327825546      -4.56821547809336636E-009
   2.4000000357627869      -5.43655395740036993E-009
   2.6000000387430191      -6.38040013056015634E-009
   2.8000000417232513      -7.39975399757272560E-009
   3.0000000447034836      -8.49461555843807770E-009
